STRING	N1_F	N1_C	N2_F	N2_C	N3_F	N3_C
abbel	6912.95	296.20	829.03	25.00	17.19	3.67
aboud	7505.69	226.60	2028.33	14.00	1657.23	2.67
aboup	5201.41	169.00	2080.75	14.25	1729.34	2.67
acred	9500.92	399.60	1025.13	84.75	90.53	8.67
acten	7654.73	325.80	1430.43	31.00	202.16	2.00
addeo	5941.74	289.20	461.75	21.25	80.20	3.00
addes	8730.85	577.40	1371.40	103.25	112.88	9.00
adope	8099.14	273.80	157.95	15.50	27.80	3.33
aduld	8668.64	238.60	2916.10	13.25	1670.34	1.67
afood	7048.68	240.60	593.01	13.75	132.45	3.00
afoor	6895.22	220.20	638.37	17.75	57.79	2.00
afted	9148.01	351.20	2247.02	81.00	998.94	7.33
aftel	7606.60	315.80	1697.31	31.75	991.21	2.00
aften	7903.40	315.00	2091.48	30.00	1116.02	1.67
aftes	9525.44	585.20	2452.90	103.50	1032.10	9.00
agail	6402.04	240.00	920.74	17.00	524.55	4.00
agair	7789.99	255.00	1516.89	13.75	550.72	2.67
agene	10803.55	288.00	514.84	19.50	60.01	1.00
agilt	9736.26	258.60	963.72	20.50	59.63	2.33
agong	6834.11	204.80	1633.95	23.50	272.48	2.67
aheet	14752.44	409.00	2607.15	30.75	126.08	5.33
aheir	12271.28	255.60	3791.47	12.75	1999.02	1.00
ahere	14524.83	318.40	4689.04	30.25	2878.67	2.33
aherk	11115.09	235.80	3527.38	22.00	1464.57	2.00
aiste	8860.80	362.80	623.01	30.25	61.57	4.00
alich	8546.54	266.60	2416.76	43.25	1167.88	4.67
alide	10107.07	336.00	459.80	30.75	98.98	7.00
alied	11846.42	456.60	1189.91	89.25	159.32	7.33
alite	10723.32	374.00	1079.18	38.00	405.58	6.67
alock	6945.30	250.60	921.42	40.50	284.49	6.67
alont	9236.76	313.20	1358.49	45.50	442.49	4.00
alood	7691.53	299.40	885.59	35.75	428.35	6.00
aloom	5305.04	239.40	797.38	36.75	307.08	5.67
aloor	7538.08	279.00	930.96	39.75	353.68	5.00
aloot	7639.00	287.80	803.30	39.50	306.25	5.67
alose	10333.56	339.40	2028.63	47.50	721.89	6.67
alots	8771.55	566.60	955.89	82.50	244.48	11.67
altal	5565.30	237.40	615.11	25.25	103.81	3.33
amone	10069.35	309.40	715.15	25.00	336.43	5.00
amons	8942.92	508.00	752.18	39.25	205.29	4.33
amont	8512.95	262.40	941.50	27.00	285.55	1.33
anged	9132.70	354.40	854.46	73.75	87.06	4.67
apach	7120.52	245.60	1616.15	35.50	161.50	4.00
apris	7676.43	495.20	167.64	19.25	56.91	3.00
arain	8016.07	316.60	1048.50	46.75	446.04	7.33
areak	7758.68	271.40	1146.69	36.50	508.56	9.00
arear	9511.09	298.20	1190.11	39.75	510.71	8.00
areel	10807.30	420.40	980.23	43.75	209.89	7.67
areet	12296.18	444.20	890.19	41.50	219.13	8.67
armen	8553.70	383.20	985.56	26.50	199.82	2.33
armes	10175.75	653.40	1346.98	100.00	265.46	5.67
arone	11300.46	380.20	1067.29	46.25	307.97	9.00
arops	8367.75	545.80	687.56	55.50	65.48	7.33
asink	7401.08	229.00	1621.98	33.75	375.46	4.00
asken	7038.49	291.20	1166.55	28.00	440.78	3.00
askes	8660.54	561.40	1527.97	101.50	447.01	10.00
atten	8587.82	334.80	1394.66	30.25	179.45	2.00
avora	6021.16	207.60	255.33	15.50	38.29	1.67
avord	8387.68	257.00	389.83	16.25	35.20	2.00
awart	8443.87	281.40	990.17	31.25	253.90	5.67
awass	8466.44	518.00	586.26	26.00	195.43	4.67
baddy	5025.10	395.00	296.21	37.25	44.46	6.00
baise	11536.30	470.00	1416.72	54.75	81.88	4.33
bangy	5124.97	434.80	437.51	55.25	64.43	9.00
banne	9712.92	472.60	564.91	52.25	39.21	5.67
baset	9431.41	517.60	436.02	49.50	143.20	8.67
basky	4712.38	408.80	319.46	44.00	86.72	6.00
basts	7234.40	645.20	652.07	88.00	207.61	16.33
beace	10832.86	431.40	2377.49	58.50	429.64	9.33
beanc	7390.16	358.40	1710.36	55.00	202.45	7.67
bearn	8470.28	375.00	2123.16	61.50	634.23	12.00
beart	9662.36	399.60	2326.12	62.50	762.46	13.33
beath	7741.96	393.60	2051.29	60.25	238.15	9.33
begae	8799.00	361.00	750.50	24.25	336.81	5.33
begic	5222.12	253.60	773.45	29.75	249.00	4.67
begit	7546.52	306.60	763.46	29.25	228.89	4.67
begry	6845.03	354.80	975.35	30.50	216.30	3.67
beind	10479.91	402.20	2199.68	48.25	587.37	3.00
beink	8574.04	355.00	2117.41	50.25	886.92	5.33
beint	10427.38	390.60	2209.64	52.75	757.58	6.67
bense	9241.19	398.60	1729.81	48.50	211.77	4.67
bibre	8955.98	352.00	1252.71	21.25	16.46	1.67
biken	8153.43	412.60	1001.16	34.25	166.18	6.67
biree	12203.58	549.80	943.91	38.00	325.62	8.00
birld	9452.02	385.40	2367.47	21.25	343.99	2.00
birst	8455.78	356.20	1430.10	32.75	881.76	3.67
birty	6722.49	426.00	999.60	37.25	233.65	4.67
blace	9897.46	386.00	1631.47	50.00	717.58	8.00
blake	8646.07	388.80	807.39	42.25	176.89	8.00
blans	9209.14	611.60	1156.11	69.25	350.69	14.00
blass	8749.54	590.80	1176.19	48.75	422.08	9.33
blike	9358.88	368.00	399.73	29.50	31.97	3.33
blith	7519.37	327.40	1053.87	41.75	58.50	4.33
blive	9289.86	340.00	608.00	36.75	102.72	5.00
blone	10223.06	386.20	1114.86	47.00	396.40	9.67
blong	7073.94	288.20	1980.56	48.00	521.22	7.33
blont	8666.66	339.20	1341.22	49.00	345.51	6.00
bloor	6967.97	305.00	913.69	43.25	256.71	7.00
blose	9763.45	365.40	2011.36	51.00	624.91	8.67
blumb	4325.26	217.20	278.38	29.00	28.12	6.33
blund	8502.18	321.20	1070.02	40.50	392.26	8.00
boate	12250.78	507.00	871.96	45.75	174.83	7.00
bonth	8046.76	395.40	836.44	49.25	87.26	4.33
boods	10395.58	640.80	805.32	64.00	166.72	10.33
boody	8667.89	436.40	493.94	50.25	121.17	8.33
borry	9498.46	451.80	1203.26	50.50	220.42	9.00
bould	11796.67	404.20	5050.39	41.50	3246.07	4.67
brast	8826.87	365.20	1323.53	61.50	259.43	12.00
brean	7849.83	308.40	1555.16	48.25	479.93	8.67
brear	8940.99	324.20	1329.89	47.00	528.89	9.00
breat	9041.91	333.00	1412.64	45.50	689.24	9.67
brich	8483.73	312.60	2720.07	59.75	1257.10	7.00
bried	11783.61	502.60	1493.22	105.75	339.23	13.67
brisp	7287.92	298.40	727.17	44.00	132.51	7.67
brite	10660.51	420.00	1382.49	54.50	489.45	8.67
broms	7871.34	569.20	893.30	53.25	107.96	6.33
brone	10730.35	406.20	1207.06	53.50	375.08	11.67
brong	7581.23	308.20	2072.76	54.50	499.90	9.33
brote	9835.18	414.00	1203.27	54.25	165.63	7.00
brout	7864.84	316.80	1980.00	45.00	998.88	8.00
brove	8971.83	354.00	1030.50	49.00	253.06	8.00
brump	4972.62	248.00	388.37	33.00	24.33	5.67
buill	8142.71	340.40	1475.81	38.25	483.34	7.00
buils	10061.56	609.80	1237.27	59.50	173.12	9.33
buite	9808.71	422.20	1111.64	37.00	588.20	5.00
buman	4447.64	274.20	700.87	30.00	336.29	3.33
bunce	7982.78	369.20	926.73	38.75	255.46	7.67
burry	6343.58	387.80	630.00	43.00	183.06	11.33
cales	10300.97	795.00	1386.85	132.25	200.73	16.67
calit	7490.77	404.80	469.65	43.25	35.52	2.67
calue	8386.49	428.20	447.19	38.00	93.28	3.00
carls	10172.60	683.40	1218.68	74.50	225.76	7.00
carth	7285.91	423.20	1388.34	60.75	447.43	11.00
casic	4999.77	326.20	538.16	40.50	187.14	4.00
caunk	7816.83	378.80	995.14	45.00	68.40	7.00
caval	5821.20	347.20	546.81	40.00	22.92	1.67
celow	4199.62	289.80	266.08	23.25	129.81	3.33
chace	13134.02	377.00	1463.66	49.75	350.45	9.33
chade	12060.72	373.80	749.00	44.00	158.77	9.00
chall	11010.97	330.00	1249.84	47.25	411.29	8.67
chame	11839.57	368.40	628.72	44.00	117.88	8.67
chape	11765.87	371.00	574.16	41.25	123.31	8.33
chapt	10209.47	324.00	587.19	40.25	107.54	7.67
cheir	11974.18	287.80	4050.49	28.75	2032.49	4.00
chera	10357.33	265.80	3805.38	39.25	1496.18	5.00
chere	14227.73	350.60	4948.06	46.25	2912.15	5.33
chery	11373.61	344.80	4111.68	46.25	1675.83	7.00
chese	13820.33	341.60	4027.45	47.75	905.76	5.33
chice	13846.83	356.20	3538.15	45.50	1503.38	9.33
chich	11212.99	283.60	4063.93	53.75	2459.75	7.33
ching	11135.83	285.20	4128.60	60.25	1593.30	17.67
chite	13389.77	391.00	2726.36	48.50	696.90	9.67
chout	10594.10	287.80	2191.89	38.25	823.92	7.67
chown	8919.79	253.00	1252.43	40.00	254.25	8.67
chumb	7561.82	208.20	332.92	27.25	22.35	5.33
clace	10170.46	392.20	1716.38	51.25	674.77	9.00
clach	7536.63	319.60	2242.16	59.50	483.36	9.00
clain	7211.66	328.80	1441.99	47.25	511.22	10.67
clame	8876.01	383.60	881.44	45.50	155.53	7.67
clase	10148.98	398.40	2096.20	61.00	252.96	11.00
cleed	11544.31	468.00	1424.87	93.75	212.71	8.33
cleel	10002.90	432.60	875.15	44.50	197.58	6.33
cleen	10299.69	431.80	1269.32	42.75	240.75	6.33
cleer	11390.85	447.60	2562.63	79.50	191.05	7.00
clese	10856.77	356.80	1946.39	43.25	553.62	4.00
clive	9562.87	346.20	692.91	38.00	108.77	5.67
cloal	6498.42	310.20	996.50	45.00	124.14	6.33
clong	7346.94	294.40	2065.47	49.25	553.03	8.00
clood	7394.43	331.60	953.24	40.50	363.18	8.67
cloof	5029.79	266.40	863.00	39.50	244.30	8.00
cloor	7240.97	311.20	998.60	44.50	288.52	7.67
clors	9317.41	579.20	1213.16	54.25	152.08	6.33
clubt	6833.32	265.60	410.81	26.50	76.15	2.67
cluel	8965.57	417.80	492.63	38.75	28.12	5.33
clush	7185.61	269.40	629.60	38.50	35.93	5.67
coade	11907.54	475.20	1007.60	45.50	119.03	5.33
coarp	9558.59	400.60	1445.09	51.75	81.15	4.00
coman	7875.52	344.40	1493.05	41.25	428.03	7.00
comen	10559.68	481.60	1881.37	51.00	493.18	9.00
coses	11997.24	757.00	1752.46	124.25	158.61	12.33
costy	7642.58	434.60	1068.24	55.00	92.17	5.33
coubs	10073.66	597.40	2847.64	51.75	774.42	5.33
coubt	9643.70	351.80	2848.50	42.50	813.09	3.33
couck	9241.57	339.40	3088.00	55.75	774.84	6.00
coult	12017.14	398.80	4113.09	49.50	2372.75	6.67
cound	11585.56	413.60	3592.62	57.75	1638.13	9.67
coung	9940.31	351.00	4241.91	61.25	1437.29	9.33
couse	12629.83	428.20	4038.70	63.50	1158.11	9.67
covie	11033.27	398.20	864.59	33.50	56.50	2.33
craud	8302.89	361.40	469.64	43.00	44.58	6.67
crear	9213.99	330.40	1257.59	49.00	492.32	10.67
creat	9314.91	339.20	1340.34	47.50	652.68	11.33
crees	12429.03	722.00	1803.30	124.75	226.79	11.00
crial	7831.04	336.20	882.92	52.75	83.23	5.00
cring	8679.57	320.40	2712.44	68.25	1089.85	13.67
crist	9812.68	350.60	1181.33	56.25	118.99	9.00
crite	10933.51	426.20	1310.19	56.50	436.02	7.00
crose	10543.75	391.60	2031.26	59.50	564.03	10.33
crote	10108.18	420.20	1130.97	56.25	150.22	8.33
croud	8190.37	334.60	1332.00	44.00	214.99	7.00
crugh	6418.67	278.20	372.54	32.50	82.93	6.00
cruth	7257.33	318.00	866.68	40.50	244.42	4.67
czece	9884.73	290.40	616.90	13.75	42.18	1.33
daill	8869.31	394.80	1330.27	41.75	420.10	9.33
daing	8281.37	370.80	2368.35	52.25	1015.96	11.67
daint	9874.08	421.80	1729.01	53.25	274.08	8.67
daish	8337.04	375.40	384.78	37.50	85.77	3.33
daist	9414.48	401.00	837.24	40.25	118.55	5.33
daize	9452.85	409.80	228.18	26.00	58.20	3.00
damen	7858.40	465.80	1028.99	37.75	245.61	7.33
dands	6509.64	619.00	870.36	61.00	336.63	13.33
deack	6857.69	326.80	1746.87	57.00	342.84	9.33
deade	9194.13	406.20	1320.08	48.75	250.15	7.00
deads	8067.69	604.80	1627.57	65.00	234.00	8.67
deall	8144.38	362.40	1820.92	52.00	373.54	6.67
deank	7295.81	353.80	1656.47	59.00	288.44	9.33
deard	9149.47	389.20	1909.15	57.75	781.44	12.00
deare	10653.34	424.60	2917.33	64.00	720.73	12.00
deart	9096.94	377.60	1983.37	58.50	798.79	11.00
deast	8689.55	368.60	1895.60	58.00	391.98	8.00
deirl	8320.87	333.00	431.25	28.00	6.74	4.00
dends	6497.51	565.80	822.58	57.25	213.62	11.00
deven	7951.61	402.20	1668.76	43.00	581.32	5.67
dever	9042.76	418.00	2962.07	79.75	829.59	9.67
dirst	7890.36	334.20	1400.62	37.00	853.80	3.67
doink	9883.60	373.80	2028.36	47.25	871.43	6.00
doney	9888.04	558.20	655.06	47.50	301.85	6.33
dooke	10778.51	426.20	599.61	42.25	204.87	5.67
doten	10221.10	464.00	1655.45	47.00	261.99	5.33
doust	10235.00	353.00	2992.34	46.00	274.32	5.00
drace	9839.34	384.00	1441.66	56.00	369.81	10.67
drame	8544.88	375.40	606.72	50.25	111.39	9.00
drast	8261.45	343.20	1302.52	59.50	271.11	10.67
drave	8518.93	358.80	875.55	53.25	186.57	10.67
dreas	8906.46	556.60	1272.52	49.25	517.07	8.00
dreat	8476.49	311.00	1391.62	43.50	676.06	9.00
drees	11590.61	693.80	1854.58	120.75	250.17	8.67
drial	6992.62	308.00	934.20	48.75	133.56	5.33
drite	10095.09	398.00	1361.48	52.50	486.35	7.33
drits	8968.65	596.60	1189.02	90.75	164.50	11.00
drong	7015.82	286.20	2051.74	52.50	458.91	8.67
drood	7063.30	323.40	939.51	43.75	184.57	7.67
drose	9705.33	363.40	2082.54	55.50	538.45	8.33
drout	7299.42	294.80	1958.98	43.00	957.89	7.33
drung	6798.81	256.60	1807.81	41.75	218.70	6.33
dryal	4034.47	228.60	540.25	27.50	29.87	2.00
eards	7283.91	601.00	1160.26	57.50	348.51	9.00
earee	11653.57	558.40	1082.56	51.75	419.86	10.33
earge	8187.94	400.60	963.04	46.75	428.33	7.67
earms	7062.77	595.60	917.13	48.50	278.09	7.33
earts	7900.16	639.00	1192.89	84.75	432.45	10.00
easic	4106.62	270.80	507.12	26.50	151.01	3.33
eatch	6248.24	295.40	1702.41	42.25	230.06	11.00
edger	7382.54	294.40	1920.72	56.25	52.29	4.33
edion	5194.24	192.60	152.35	15.00	74.11	2.67
eigin	5676.27	228.20	1094.64	16.00	82.52	1.67
elied	10656.16	433.40	989.78	85.25	125.47	5.67
ender	7416.14	316.20	2437.54	66.00	567.96	6.67
endia	2822.84	142.60	321.57	11.25	75.14	2.67
enept	6579.24	205.20	189.41	14.00	46.19	2.67
enjor	3699.75	137.60	289.97	10.00	106.21	1.00
entil	4197.65	169.80	506.73	13.50	336.25	1.33
entin	4494.45	169.00	676.54	15.75	194.92	1.67
errob	3935.56	224.80	45.60	10.00	17.77	2.00
errow	3997.69	226.40	122.53	11.75	35.83	2.00
evene	9573.82	266.20	590.39	20.25	252.88	2.67
evere	9521.61	254.40	2724.35	24.50	1810.74	3.33
exery	6563.34	247.40	1630.96	24.50	190.18	3.00
exise	9015.07	265.00	1226.18	30.25	90.83	3.33
extry	4512.79	221.60	442.52	16.75	64.17	1.33
facky	4557.55	379.00	300.88	44.00	97.77	8.33
fales	9979.87	768.80	1349.18	125.75	208.34	15.33
falic	4845.27	325.60	441.97	37.25	33.73	1.67
fally	7004.50	435.40	765.76	63.75	200.51	15.00
falph	4934.40	338.80	344.12	30.75	59.33	1.67
fange	7930.99	420.60	660.03	56.50	95.33	9.00
fanic	5135.58	333.80	498.03	45.25	46.38	5.67
farst	8477.82	394.00	1562.11	54.00	456.49	5.67
fauck	7057.61	325.60	535.12	34.50	44.78	4.33
fiece	11434.54	365.20	1184.35	28.50	124.30	2.67
fiell	9311.48	318.20	1149.59	30.00	138.12	4.67
fiels	11230.33	587.60	911.06	51.25	124.80	5.33
fince	9156.56	367.80	1545.62	50.75	442.82	9.33
fincy	6302.45	362.00	1002.45	43.25	246.04	6.33
finor	6339.59	313.60	940.91	42.75	88.31	5.00
firds	7785.83	572.40	1444.51	47.75	598.38	7.33
firee	12155.49	529.80	1366.82	42.00	709.93	8.33
firly	8053.68	395.00	1491.44	39.00	593.54	3.33
firse	9964.08	383.20	2371.96	43.00	913.71	6.00
firty	6674.40	406.00	1422.50	41.25	617.95	5.00
fixth	5359.13	269.60	969.78	24.50	38.55	1.67
flact	8292.97	319.00	1026.34	45.75	346.94	8.67
flain	6890.57	302.60	1295.11	48.50	439.63	11.33
flead	8539.05	304.60	897.58	39.75	211.36	7.67
flese	10535.68	330.60	1799.52	44.50	456.35	3.33
flich	7928.34	272.60	2337.53	49.25	1142.48	5.00
flone	10174.96	366.20	1052.90	49.50	407.64	10.00
flong	7025.85	268.20	1918.60	50.50	532.46	7.67
flose	9715.36	345.40	1949.40	53.50	636.16	9.00
floup	5057.69	230.80	1302.55	38.25	223.32	7.00
flump	4417.23	208.00	216.90	35.75	40.46	9.00
focky	6420.41	366.60	429.46	39.75	60.09	7.33
foles	11842.73	756.40	1370.52	122.00	180.78	15.67
folit	9032.54	366.20	453.32	33.00	38.15	3.00
foort	11376.73	393.60	874.19	44.00	115.52	3.33
foraw	7518.23	335.80	904.45	36.00	155.93	6.00
forls	11714.36	644.80	1403.48	59.75	428.35	6.33
forly	9986.68	440.40	1423.02	48.00	481.99	5.67
forry	9450.36	431.80	1299.40	44.25	330.58	10.67
fough	8400.66	318.20	2421.92	34.75	251.28	7.33
fould	11748.57	384.20	5146.53	35.25	3391.09	4.67
foung	9619.22	324.80	3805.90	48.00	890.03	8.00
fouse	12308.73	402.00	3602.69	50.25	610.85	8.33
fouth	9239.32	358.00	2916.05	42.75	491.85	6.67
frant	9238.38	366.00	1089.92	59.50	161.28	8.00
fream	6659.86	264.60	1167.98	37.25	449.33	9.00
freen	10485.89	425.60	1427.47	43.75	237.91	8.67
frese	11042.97	350.60	2104.54	44.25	546.20	5.67
froad	8226.03	339.40	667.37	36.00	128.76	4.33
frong	7533.14	288.20	1986.05	49.00	525.84	8.67
frose	10222.65	365.40	2016.85	52.00	605.38	8.33
frout	7816.74	296.80	1893.28	39.50	1024.82	7.33
frove	8923.73	334.00	943.79	43.50	279.00	7.33
frows	7764.47	532.20	884.40	45.50	275.09	12.00
fruse	10005.65	335.80	1538.90	40.50	304.31	6.67
fules	8687.86	692.40	1151.60	115.50	204.65	13.33
fuman	4399.55	254.20	655.25	25.50	337.18	3.33
funce	7934.69	349.20	881.12	34.25	276.11	8.00
fuzza	1791.30	170.00	52.93	9.75	2.04	1.33
gaite	10826.17	471.00	943.15	43.75	386.37	6.33
gamen	8149.26	460.20	1006.04	41.00	267.16	8.33
gatch	6593.83	317.00	1600.77	49.75	223.55	11.00
gazen	7688.20	436.80	631.20	31.75	35.50	7.00
ghake	11335.07	346.00	361.66	27.00	43.03	5.67
giall	8377.22	352.20	923.57	23.75	267.76	2.00
giank	7528.65	343.60	759.11	30.75	84.48	6.33
giree	11929.02	522.20	1047.58	35.00	339.01	7.67
girld	9177.46	357.80	2471.14	18.25	357.37	1.67
girly	7827.21	387.40	1172.20	32.00	222.62	2.67
girms	7338.22	559.40	882.14	31.75	169.30	5.33
girst	8181.22	328.60	1533.77	29.75	895.15	3.33
gival	5203.50	255.60	741.34	26.25	163.01	2.67
gived	9429.07	428.20	1806.77	91.50	592.01	12.67
givil	5507.42	248.20	621.06	19.75	202.59	3.67
glack	6213.16	275.80	1198.90	47.75	497.70	9.00
glamp	4520.29	256.80	604.51	40.50	76.47	6.33
glams	7202.01	548.40	789.19	50.50	82.24	10.00
glone	9948.50	358.60	970.16	42.25	332.05	8.00
glong	6799.38	260.60	1835.86	43.25	456.86	5.67
glood	6846.87	297.80	723.63	34.50	267.02	6.33
gloor	6693.41	277.40	768.99	38.50	192.36	5.33
glops	7015.79	524.20	590.44	51.50	65.78	9.33
glout	7082.98	269.20	1743.10	33.75	844.10	7.33
goink	10174.46	368.20	2081.38	43.50	1017.52	5.67
goins	12457.77	649.40	1984.29	58.25	748.40	9.00
goint	12027.81	403.80	2173.61	46.00	888.19	7.00
goise	13124.60	430.00	1800.80	39.25	310.61	4.33
goisy	10270.48	424.20	765.49	29.25	280.73	3.00
gooks	9942.93	619.20	817.36	63.50	211.34	6.67
gooky	8215.25	414.80	583.68	44.00	117.02	5.67
goore	12706.67	433.00	1769.78	47.75	83.69	7.00
graal	6570.68	323.20	1027.69	52.25	100.48	6.67
grack	6720.46	295.80	1369.30	60.50	288.38	14.33
grame	8835.74	369.80	822.23	52.25	153.09	10.33
grapt	7205.64	325.40	780.71	48.50	110.66	9.33
grast	8552.31	337.60	1518.03	61.50	312.81	12.00
grawn	6028.48	281.20	890.59	46.75	151.55	10.33
graws	7650.53	551.40	821.18	51.00	135.19	10.67
grazy	5736.56	340.60	731.76	43.75	122.42	7.67
gread	8819.88	317.00	1483.81	45.00	732.30	9.33
gream	6433.39	257.00	1449.18	42.75	705.52	9.00
greap	6515.60	259.40	1428.27	41.50	678.00	7.33
grear	8666.43	296.60	1524.38	47.00	751.75	9.00
greas	9197.32	551.00	1488.03	51.25	753.12	8.67
greel	9962.63	418.80	1314.51	51.00	450.94	8.67
grees	11881.47	688.20	2070.10	122.75	486.21	9.33
grese	10816.51	343.00	2385.75	49.75	802.40	5.67
gresh	8182.67	270.40	1414.34	40.75	435.33	5.33
greue	9967.00	321.40	970.13	32.50	296.00	3.00
grial	7283.48	302.40	1149.71	50.75	52.97	6.00
groad	7999.56	331.80	948.58	41.50	175.27	5.67
grogs	7595.52	545.20	909.54	48.75	149.90	6.33
grong	7306.68	280.60	2267.25	54.50	572.34	10.00
grood	7354.16	317.80	1155.02	45.75	298.00	9.00
grops	7523.09	544.20	1021.83	62.75	205.03	10.67
grote	9560.62	386.40	1397.77	54.25	238.07	7.67
grout	7590.28	289.20	2174.49	45.00	1071.33	8.67
growy	5810.33	320.20	1079.76	43.50	236.27	9.00
guars	8537.88	594.40	1106.39	44.50	398.05	9.33
guart	8107.91	348.80	971.09	33.50	196.58	4.00
gueep	8347.96	398.80	425.83	24.75	118.35	3.67
guese	9964.71	345.20	1600.19	32.50	469.40	2.67
guesh	7330.87	272.60	628.78	23.50	102.33	2.33
guied	10657.26	477.20	1188.78	84.25	160.43	5.33
guite	9534.15	394.60	1078.05	33.00	550.27	6.00
habin	5293.12	297.20	617.83	30.25	50.43	2.00
hable	9174.14	384.40	776.22	33.25	177.57	4.67
halse	8574.70	409.60	1413.31	48.50	41.64	4.33
hance	8886.50	411.60	1173.05	51.25	347.48	7.33
hanny	6470.50	432.80	509.63	50.00	176.34	10.00
hants	7303.01	645.00	748.61	90.75	205.47	12.00
hapan	5066.68	311.00	616.84	32.25	65.54	2.33
haper	8841.99	464.00	2233.83	81.50	191.57	8.67
hapes	9372.88	718.40	1301.94	118.25	148.43	11.00
hater	9626.52	480.20	3220.03	93.25	1143.69	16.00
heace	10444.56	397.40	2132.20	52.25	602.15	8.67
heack	7034.81	314.80	1844.33	54.75	479.02	11.00
heank	7472.93	341.80	1753.94	56.75	424.62	11.00
heans	9756.24	623.00	1656.84	71.50	502.48	12.33
heant	9326.27	377.40	1846.16	59.25	472.73	9.33
heash	7789.23	331.00	1540.61	53.00	389.68	11.33
heask	7013.33	321.00	1462.24	46.00	367.01	6.67
heass	9296.63	602.20	1676.92	51.00	512.93	8.67
heast	8866.67	356.60	1993.07	55.75	528.16	9.67
heate	9987.50	432.20	1814.05	53.75	444.73	11.00
hiled	9192.09	463.00	981.91	97.25	102.53	11.33
hince	8816.36	353.80	1087.68	45.25	392.26	8.00
hinch	6182.52	281.20	1613.46	53.50	232.91	9.00
hirth	6554.47	325.20	1183.61	31.50	214.91	5.67
homan	7214.22	304.20	1131.30	30.75	377.90	5.00
homen	9898.38	441.40	1519.62	40.50	443.04	7.00
hopee	12362.18	507.40	651.42	37.00	71.67	8.00
hoper	10704.85	451.60	2319.69	79.75	151.94	10.67
hords	9378.63	603.80	1450.36	59.50	279.34	8.67
horld	10996.73	396.80	2796.22	37.00	526.39	2.33
horly	9646.48	426.40	1497.28	50.75	391.64	3.33
horst	10000.48	367.60	1858.85	48.50	552.79	6.67
hotal	7417.27	315.60	830.30	37.25	171.95	3.67
hoter	11489.38	467.80	3114.41	84.50	890.15	11.67
houbt	8982.40	311.60	2486.75	32.00	362.49	2.00
houce	11990.02	381.80	3014.13	42.75	305.89	3.67
houck	8580.27	299.20	2726.26	45.25	324.24	4.67
hould	11408.37	370.20	5220.79	38.00	3487.75	4.67
houng	9279.02	310.80	3880.16	50.75	986.69	8.00
hounk	9018.39	326.20	3148.60	49.25	838.55	9.00
hount	10871.73	361.80	3240.82	51.75	861.55	10.33
humma	2157.22	202.80	210.26	21.25	117.24	4.67
hummy	3173.50	281.80	227.96	24.75	130.59	8.00
hymps	4231.77	415.60	142.22	33.25	24.27	8.00
ideam	4402.96	152.00	647.95	18.00	156.19	3.33
imall	6140.65	229.00	917.96	20.25	456.63	2.00
inder	7126.35	306.20	2408.86	67.25	573.89	6.33
inems	6793.12	438.20	361.69	25.50	112.56	3.33
iribe	8756.40	302.80	465.31	26.75	30.12	2.00
iried	10873.67	443.40	1288.29	94.25	252.37	9.67
itate	8572.04	322.60	918.75	27.75	230.79	4.67
jause	9516.63	377.40	1357.91	35.25	301.37	5.00
jazen	6985.42	407.40	598.30	24.75	29.96	6.33
jears	9114.99	588.20	2024.63	61.75	915.14	14.67
joney	9476.12	523.20	527.42	40.50	308.45	6.67
keets	9067.88	567.00	528.13	67.75	51.24	5.00
kiles	9068.55	674.80	1202.02	119.00	217.17	17.33
kiney	7631.18	478.60	655.76	48.50	221.87	9.67
knems	6813.79	441.20	458.82	25.50	134.95	4.67
knors	7673.83	479.80	797.47	34.50	162.91	4.00
knowd	5557.26	205.00	474.22	18.00	288.60	4.00
laddy	4817.41	368.80	428.30	34.75	25.80	6.67
lamen	8216.13	461.60	1221.59	43.50	252.03	8.33
lappy	4287.74	363.00	440.22	30.00	97.63	5.67
larig	6536.68	338.80	796.47	46.25	149.80	3.33
laris	8559.36	635.40	840.07	52.75	170.17	4.33
larth	6805.22	390.80	1471.21	56.75	513.26	8.67
larts	8312.62	662.00	1306.80	94.75	393.19	10.33
larty	6584.94	457.60	1252.16	61.00	495.85	7.00
latel	8419.17	473.00	1623.17	58.25	571.92	11.67
laten	8715.97	472.20	2017.34	56.50	696.74	11.33
lates	10338.02	742.40	2378.76	130.00	612.81	18.67
lause	10286.27	408.20	1606.36	44.75	318.27	5.33
laybe	6940.72	335.00	378.52	19.50	94.26	1.67
leack	7215.42	322.60	1908.38	55.25	516.10	12.33
leand	9559.41	396.80	1900.26	55.25	479.27	10.00
leare	11011.07	420.40	3078.84	62.25	894.00	15.00
lears	9884.64	619.00	2280.18	67.75	1173.51	19.33
leasp	6795.52	318.40	1530.64	46.00	410.82	8.33
leass	9477.24	610.00	1740.97	51.50	550.01	10.00
leate	10168.11	440.00	1878.10	54.25	481.81	12.33
leath	7534.27	367.40	1870.05	54.50	447.74	10.00
leats	9041.67	638.60	1705.64	92.50	404.03	16.00
leavy	6450.64	374.20	1402.41	40.00	438.62	7.00
legan	5842.83	263.20	903.69	25.00	302.70	4.67
legar	6933.99	279.00	678.43	23.75	192.40	3.67
lenre	9440.89	381.40	1592.92	33.75	4.42	2.00
leved	9553.95	434.20	1985.81	92.25	640.84	8.67
leven	8309.34	398.00	1830.27	41.25	637.21	6.67
liken	7945.74	386.40	1184.16	39.25	208.74	6.67
limen	8145.98	403.80	1255.12	37.75	319.79	8.00
linds	6797.23	557.00	1105.02	67.25	299.65	13.67
livel	7954.52	394.20	1336.39	50.25	462.22	11.33
loady	8572.73	437.00	523.91	39.00	69.84	5.00
locar	8194.76	323.20	481.77	29.75	178.12	4.00
locay	6997.97	373.20	449.78	28.00	173.00	3.67
locky	6260.82	360.40	385.68	44.00	135.01	8.33
locur	7838.00	292.20	338.50	24.75	108.99	3.67
logus	8983.11	543.20	276.39	28.25	13.23	3.33
loods	10187.89	614.60	857.68	62.00	149.53	8.67
looke	11136.24	422.00	647.22	44.50	238.84	7.67
looll	10264.57	372.20	1006.80	46.00	72.22	5.67
loore	12773.54	434.40	1764.36	53.75	117.84	7.33
lould	11588.98	378.00	5102.74	39.50	3229.33	5.00
lovel	9887.53	439.60	1183.09	50.00	284.57	10.67
lucks	4833.62	500.80	382.27	54.75	96.16	18.33
lunce	7775.10	343.00	876.05	34.00	282.59	7.67
maddy	4780.78	372.60	393.54	38.25	27.88	6.00
mafer	8855.80	462.40	2106.28	68.75	48.51	3.67
mages	10124.52	727.60	1252.98	114.25	85.00	9.33
maked	9223.86	484.20	1474.90	98.50	530.44	14.67
maped	9139.42	496.00	1151.93	99.25	102.96	10.00
mards	7659.74	627.80	1239.41	71.00	238.05	10.00
marly	7927.59	450.40	1286.34	62.25	274.04	4.67
marth	6768.59	394.60	1436.45	60.25	442.07	9.33
marty	6548.31	461.40	1217.40	64.50	424.66	7.67
maten	8679.34	476.00	1982.58	60.00	564.03	10.67
mater	9770.49	491.80	3275.89	96.75	1150.09	16.67
meace	10588.53	409.00	2080.02	52.25	524.53	7.33
meack	7178.79	326.40	1792.14	54.75	401.40	9.67
meane	11026.65	436.00	1567.62	57.25	313.65	7.33
meank	7616.90	353.40	1701.75	56.75	347.00	9.67
mears	9848.00	622.80	2163.94	67.25	1058.81	16.67
measm	6676.68	319.80	1407.17	46.25	289.73	6.00
meath	7497.63	371.20	1753.82	54.00	333.04	7.33
meave	9268.12	383.80	1513.91	49.50	387.65	8.00
medge	7400.36	323.40	431.47	30.00	67.52	7.67
merve	8526.95	354.00	546.44	36.75	74.84	5.00
metle	10168.00	365.40	665.38	27.75	31.23	2.33
milly	6738.13	375.20	849.39	64.25	214.89	16.67
minch	6326.49	292.80	1858.48	60.00	264.17	11.33
mings	6538.18	559.00	675.87	59.75	104.41	16.67
molet	11216.54	508.40	575.19	54.50	30.32	7.33
moner	11405.93	507.80	2531.53	93.25	357.61	10.33
mones	11936.82	762.20	1599.64	130.00	404.39	16.67
monny	8477.34	432.00	579.49	46.75	228.37	8.33
monor	8076.37	356.60	638.19	40.00	180.24	3.67
monts	9309.84	644.20	818.47	87.50	249.08	10.00
moung	9422.99	322.40	3856.20	54.50	789.15	9.33
moven	10147.69	442.60	1671.35	50.50	405.28	10.33
movil	7470.66	298.80	641.18	29.75	124.06	3.00
mucit	5408.09	264.40	161.89	20.00	3.17	2.00
musis	5944.80	519.80	254.55	26.50	116.09	3.33
musks	4903.73	514.40	380.28	52.00	69.17	8.00
muter	8478.48	415.40	2740.32	77.25	769.06	10.00
naide	9909.78	409.20	351.56	32.50	64.63	5.67
naken	7648.87	419.00	1166.34	37.50	387.20	9.67
nakes	9270.92	689.20	1527.76	111.00	393.43	16.67
namen	7849.12	436.40	1033.82	37.00	288.24	7.00
namur	5899.36	284.00	157.80	20.50	44.24	2.00
nance	8700.10	394.20	1075.90	44.75	250.74	6.33
necur	5596.01	226.20	335.27	14.75	18.05	1.67
neeks	8588.12	539.80	808.09	51.50	168.42	4.33
neems	8545.06	528.40	794.91	36.75	225.56	3.67
neved	9186.94	409.00	2001.41	88.25	878.03	7.67
nevel	7645.53	373.60	1451.70	39.00	792.96	6.00
neven	7942.33	372.80	1845.87	37.25	874.40	5.67
neves	9564.37	643.00	2207.29	110.75	840.34	11.33
nevil	5265.30	229.00	815.71	16.50	342.92	2.33
noing	10134.95	329.00	2700.87	43.75	1418.78	10.33
noiss	11698.02	604.80	853.62	27.00	66.73	3.67
norce	11391.97	391.00	1332.09	37.75	170.25	2.67
norch	8758.13	318.40	1857.87	46.00	145.90	4.67
norld	10810.32	379.40	2571.50	31.25	542.71	1.67
norly	9460.08	409.00	1272.56	45.00	407.96	2.67
norry	8923.76	400.40	1148.94	41.25	256.55	7.67
norst	9814.08	350.20	1634.13	42.75	569.11	6.00
norts	9808.48	624.40	1258.27	81.00	228.25	9.00
noter	11302.98	450.40	2889.69	78.75	879.94	12.00
notty	7479.22	382.40	461.07	36.25	68.50	8.67
noven	9817.32	413.60	1470.59	41.00	333.95	10.00
nover	10908.47	429.40	2763.90	77.75	582.22	14.00
noves	11439.36	683.80	1832.01	114.50	299.88	15.67
odops	5954.55	444.60	176.72	30.75	50.31	5.67
ofted	8129.85	323.40	2092.89	80.00	760.24	7.33
oftel	6588.44	288.00	1543.18	30.75	752.50	2.00
ofter	7976.39	303.00	3230.66	65.75	1463.38	7.67
oftes	8507.28	557.40	2298.77	102.50	793.39	9.00
olded	8223.00	369.00	1114.94	76.75	143.46	6.00
orded	8730.30	389.00	1198.27	77.50	249.95	4.67
ordes	9107.73	623.00	1404.15	100.00	214.93	7.33
outch	5128.32	214.40	1231.13	32.00	142.09	10.33
owney	6341.82	393.40	355.62	22.50	180.72	2.00
pager	9638.53	492.80	2218.01	79.00	92.13	9.00
paise	11336.87	467.20	1547.18	57.25	101.34	4.33
paree	12074.29	604.80	1194.85	66.75	440.43	13.33
parge	8608.66	447.00	1075.33	61.75	448.89	10.67
parit	8137.66	413.20	889.98	58.25	212.79	6.33
parld	9322.73	440.40	2618.41	50.00	539.82	5.67
parly	7972.48	470.00	1319.48	63.75	405.07	6.67
parms	7483.49	642.00	1029.42	63.50	298.65	10.33
parth	6813.48	414.20	1469.59	61.75	573.09	11.33
peare	11019.33	443.80	2872.22	62.75	668.18	12.67
peave	9313.02	403.40	1423.53	50.50	276.54	8.33
peems	8920.33	577.00	572.69	41.25	173.48	4.67
pench	6429.41	317.00	1503.95	48.75	90.96	8.33
pense	9041.76	395.80	1341.95	43.25	214.73	4.67
perve	8571.85	373.60	456.06	37.75	67.74	5.67
phose	12527.58	347.40	2061.07	36.25	884.18	5.67
phost	10971.18	300.40	1542.11	30.00	425.91	3.67
piand	9509.66	415.60	752.75	35.50	98.54	4.00
piant	9457.12	404.00	762.70	40.00	129.08	4.67
piech	8649.36	309.80	1302.25	36.50	84.80	3.00
pieck	7873.46	299.80	488.60	30.75	102.74	3.33
piews	8803.53	555.40	265.22	26.50	78.21	5.33
piney	8321.02	532.00	691.59	54.50	203.17	11.33
piter	9745.24	453.60	2815.94	84.00	780.05	10.67
pites	10276.13	708.00	1884.05	120.75	110.06	12.00
pivil	5582.55	273.00	532.42	26.50	61.87	3.00
plach	7064.19	310.60	2192.55	56.25	676.02	9.67
plack	6288.29	300.60	1378.89	50.50	744.29	12.00
plamp	4595.42	281.60	784.50	43.25	323.07	9.33
plana	6265.75	325.40	1022.68	47.75	374.11	10.67
plars	8957.50	597.00	1750.69	63.00	674.53	13.67
plass	8550.11	588.00	1211.48	46.75	571.92	11.00
plast	8120.14	342.40	1527.62	51.50	587.15	12.00
pluse	9347.01	333.00	1551.39	44.25	265.67	8.33
poich	10587.38	376.00	2761.27	44.50	1314.10	1.67
poind	12155.47	440.20	2176.65	47.50	603.51	3.67
poing	10510.22	377.60	2825.94	51.00	1515.60	10.33
poink	10249.59	393.00	2094.37	49.50	903.06	6.00
poist	11643.33	407.80	1294.83	39.00	194.72	6.00
powed	10981.43	493.80	1225.24	93.75	297.96	13.67
powel	9440.02	458.40	675.53	44.50	298.04	10.00
preat	8842.48	330.20	1340.45	43.25	668.36	8.67
prees	11956.60	713.00	1803.40	120.50	242.47	8.33
pring	8207.13	311.40	2712.54	64.00	1137.44	16.00
prite	10461.07	417.20	1310.30	52.25	483.62	9.33
prote	9635.74	411.20	1131.08	52.00	147.34	9.33
prout	7665.41	314.00	1907.80	42.75	980.60	10.33
pupes	8269.73	673.20	1061.25	110.25	47.10	9.00
purks	6234.53	577.00	413.19	63.50	60.82	9.00
purns	7924.04	601.20	330.45	53.50	56.20	7.67
putor	5193.81	283.80	212.64	24.50	38.79	3.33
pyrip	3998.17	217.60	59.89	13.00	11.56	3.33
quese	9349.75	309.40	1729.54	34.50	467.59	4.67
quesh	6715.91	236.80	758.13	25.50	100.52	4.33
quess	8223.31	508.00	894.44	23.50	162.00	6.33
quich	6742.41	251.40	2544.98	40.25	1360.52	6.00
quide	8302.94	320.80	588.03	27.75	281.96	8.67
quies	10419.73	675.40	1524.01	108.75	275.51	9.00
quile	10298.47	347.80	1552.02	40.00	554.35	9.33
quing	6665.25	253.00	2609.65	46.75	1154.34	13.33
racoa	3265.72	292.20	220.91	24.00	17.11	2.00
racts	6712.27	608.80	500.48	72.00	52.08	3.67
raddy	4609.71	368.40	306.86	34.75	51.28	6.33
radia	4456.42	300.80	274.78	27.75	86.68	3.33
raily	9210.50	455.20	1182.45	57.00	100.92	7.67
raird	10024.43	417.00	528.70	40.50	112.50	6.67
raite	10685.34	472.00	1037.27	46.25	401.93	7.00
ralay	5200.74	420.60	415.63	40.50	37.86	4.00
rales	9612.58	762.20	1348.28	128.25	204.85	15.33
rance	8859.41	419.00	1142.23	51.25	284.93	8.33
rancy	6005.29	413.20	599.06	43.75	88.15	5.33
rangs	6437.26	612.60	485.40	59.25	122.00	14.33
raten	8508.27	471.80	1895.90	56.50	569.52	10.67
rater	9599.43	487.60	3189.21	93.25	1155.59	16.67
reace	10417.47	404.80	2028.93	56.50	464.34	8.33
reans	9729.15	630.40	1553.56	75.75	364.67	12.00
reard	9299.50	384.60	1903.34	59.75	779.81	13.33
reass	9269.54	609.60	1573.64	55.25	375.12	8.33
reavy	6242.94	373.80	1235.08	43.75	263.73	5.33
rence	8847.29	365.80	1017.46	43.75	245.01	7.33
rigns	8151.52	539.80	1151.20	36.75	297.60	1.33
risps	5837.77	520.00	450.82	40.00	27.56	5.00
rivie	8411.87	320.00	564.50	21.50	86.44	3.67
roade	11219.14	442.40	543.79	35.75	106.37	6.00
roass	11144.53	650.40	803.17	40.25	191.23	5.67
roble	11009.91	379.40	770.10	30.50	101.81	4.67
rocal	6599.10	307.80	706.89	35.75	186.35	3.67
roges	11816.32	711.00	1214.32	108.50	47.10	5.33
rolve	9111.55	373.20	574.06	41.00	26.61	3.33
rould	11381.28	377.60	5118.73	38.75	3363.09	5.67
roult	11328.75	366.00	3649.29	39.75	1797.50	6.33
rught	5044.18	222.80	1421.88	16.25	922.08	5.00
ruile	10772.60	384.60	1411.63	37.50	340.93	5.67
rulls	7072.87	556.80	549.64	65.25	223.12	20.67
rurow	3350.66	251.20	241.67	31.25	35.16	1.67
rurve	7076.00	326.60	428.14	36.50	53.25	2.33
saddy	6167.86	453.40	237.20	34.50	31.71	6.00
saink	9728.92	466.60	1638.28	56.25	367.96	7.33
salls	9923.04	718.20	675.66	77.75	260.70	22.33
sanis	9080.81	710.80	365.94	46.50	22.11	4.00
satch	8011.15	403.00	1625.22	52.00	221.08	12.00
sater	11157.58	572.60	3119.54	93.00	1129.96	16.67
scall	8025.64	349.40	840.89	32.00	314.58	7.33
scals	9944.49	618.80	602.35	53.25	89.38	11.33
scank	7177.07	340.80	676.43	39.00	85.91	10.00
scend	9790.75	346.40	608.82	26.00	108.49	3.67
scort	8865.68	337.80	517.05	29.25	109.47	6.67
scral	5848.01	311.40	460.99	33.50	54.67	5.67
scraw	5007.18	280.00	148.00	21.75	22.49	4.00
seank	9003.99	434.20	1752.51	58.25	212.71	9.00
seans	11287.30	715.40	1655.42	73.00	290.56	10.33
seeth	9592.52	410.40	887.16	37.50	147.40	3.33
seird	11570.46	448.80	691.44	29.50	75.36	3.00
semes	11176.50	763.20	1474.80	108.50	242.08	6.33
sency	7551.32	445.00	576.14	33.50	136.28	4.33
sents	8821.94	684.20	694.88	80.50	167.83	12.33
serms	8813.55	650.00	588.01	43.75	184.17	7.00
seves	11281.84	752.80	2126.21	115.75	578.03	11.67
sevie	10028.04	409.60	572.34	18.50	59.29	1.67
shads	11804.04	624.60	1168.71	63.00	256.81	12.67
shail	10748.19	366.60	1131.67	46.25	250.80	11.33
shain	11044.98	365.80	1301.48	48.50	600.22	13.00
shane	14441.90	456.20	1063.48	57.50	233.41	12.67
shant	12885.50	409.20	1289.83	59.50	314.88	13.33
shaps	11509.19	621.80	774.76	62.50	223.73	13.67
sharn	11641.21	372.80	1321.54	55.50	295.86	12.00
shart	12833.29	397.40	1524.50	56.50	424.08	13.33
sheir	12843.94	340.00	4162.71	31.50	2017.91	4.67
shere	15097.49	402.80	5060.27	49.00	2897.57	6.00
shery	12243.37	397.00	4223.90	49.00	1661.26	7.67
shing	12005.59	337.40	4240.82	63.00	1424.81	16.00
shole	14813.48	426.20	1566.10	46.00	503.51	7.67
shond	12825.51	394.00	1747.58	47.00	269.82	7.33
shood	11227.75	368.60	1284.64	41.75	396.70	8.67
shoor	11074.29	348.20	1330.01	45.75	322.03	7.67
shory	11423.05	411.80	1506.85	50.00	377.92	9.33
shose	13869.77	408.60	2427.68	53.50	1088.06	10.67
shoss	12743.34	607.20	1592.58	42.50	643.59	9.00
shugh	9744.70	295.20	502.09	31.75	53.66	5.33
shums	11253.36	562.80	630.30	44.25	17.63	5.00
sidah	6877.06	347.60	353.65	22.25	28.74	1.67
siles	11100.58	789.40	1389.90	124.00	230.71	17.67
sinal	6787.90	391.00	876.98	50.00	257.01	5.67
sinch	7713.58	373.60	1815.57	57.75	400.82	9.67
sinds	8147.68	641.60	1089.09	65.00	425.45	13.67
siney	9663.22	593.20	843.64	53.50	370.16	10.33
sinod	7683.91	412.40	639.71	37.50	187.82	3.00
sitch	7941.01	345.20	1473.66	42.00	156.64	10.67
sitle	11497.07	441.60	762.62	31.00	32.36	2.00
sixts	8057.39	619.20	549.53	61.25	30.18	2.00
skile	11701.55	391.60	1158.06	33.75	294.51	8.00
slace	11040.22	444.40	1512.16	52.50	587.41	10.00
slase	11018.73	450.60	1891.97	62.25	165.61	12.00
slean	8485.30	346.80	1106.07	43.00	213.58	7.33
sleat	9677.38	371.40	963.56	40.25	422.89	8.33
sleel	10872.66	484.80	670.93	45.75	132.03	6.00
sleen	11169.45	484.00	1065.10	44.00	175.21	6.00
slive	10432.62	398.40	488.69	39.25	102.07	6.33
slose	10906.21	423.80	1892.05	53.50	551.70	8.00
slown	6825.99	320.40	829.02	42.75	213.22	9.33
smage	9020.69	388.60	652.00	23.00	286.14	3.33
smags	7894.26	587.20	478.26	23.25	218.34	4.67
smale	11238.63	417.40	1088.67	27.25	394.34	3.00
smard	9198.45	373.40	1196.46	29.25	345.18	4.67
smass	9168.49	598.40	866.76	24.75	339.29	4.33
smeat	8953.56	320.60	946.77	24.00	274.64	4.00
smeld	10442.56	340.40	1891.65	16.50	98.26	2.67
smill	8906.16	325.80	1379.10	27.25	412.36	5.67
smily	9097.32	390.80	1160.11	36.75	110.46	3.33
smone	10642.00	393.80	844.38	25.25	259.53	6.00
smong	7492.89	295.80	1710.07	26.25	384.34	3.67
snown	6344.68	283.40	497.36	24.50	321.08	8.33
soder	12470.74	547.00	2453.23	76.50	358.66	8.67
solts	10406.62	716.80	540.14	78.50	45.55	11.00
soney	11596.22	638.60	676.77	45.75	316.10	7.67
sorly	11177.54	518.80	1353.34	48.25	402.96	3.00
soubt	10513.46	404.00	2342.81	29.50	226.75	2.67
sould	12939.43	462.60	5076.85	35.50	3352.00	5.33
soull	11398.02	427.20	3996.90	39.75	1747.72	5.00
spean	7772.09	305.00	1242.13	41.00	238.09	6.00
speas	9394.13	575.20	980.51	44.00	288.42	6.00
speep	9396.57	420.80	703.87	34.75	251.38	6.67
spich	8405.98	309.20	2386.61	46.50	1144.96	7.00
spium	6278.46	271.00	289.60	26.00	33.53	6.33
splid	6752.33	328.20	365.15	27.25	46.25	2.00
spoid	8500.30	348.60	401.74	29.75	94.55	5.00
spoks	7836.66	577.20	710.02	55.25	200.75	6.33
spood	7550.98	342.00	603.85	31.25	202.39	7.33
spote	9757.43	410.60	846.60	39.75	118.27	5.67
squal	6172.37	273.40	390.84	18.50	88.45	4.33
staks	8703.97	606.80	1430.01	66.00	361.72	9.67
stane	11519.91	432.40	1576.97	53.75	416.94	10.67
stans	10393.48	631.00	1614.01	68.00	528.16	14.33
stard	9963.83	385.20	1963.78	52.00	595.40	12.33
starn	8719.22	349.00	1835.04	51.75	484.53	10.00
stath	7990.90	367.60	1763.17	50.50	539.06	10.00
stato	6709.20	350.60	1333.83	43.75	455.52	8.67
stats	9498.30	638.80	1598.76	88.50	495.36	16.00
stees	12833.07	715.20	2119.74	123.00	175.07	9.00
steet	12403.11	469.60	1274.11	49.00	149.03	9.33
steir	9921.95	316.20	2458.43	31.00	1088.70	6.33
stild	11212.96	373.00	3330.85	42.00	817.99	5.33
stils	11590.39	607.00	2012.37	67.50	669.73	10.67
stily	9862.71	402.60	2031.92	55.75	678.04	6.00
stook	6399.89	297.60	1266.14	40.25	344.01	9.67
stoor	8152.30	324.40	1389.94	44.50	372.68	8.67
stort	9798.78	346.80	1469.20	43.25	397.25	9.67
stris	9003.87	582.40	972.48	39.50	48.03	5.33
stund	9686.52	340.60	1760.18	43.50	459.56	7.33
sught	6602.33	307.80	1406.01	15.75	934.75	5.00
suild	10826.89	434.20	2495.26	29.00	265.30	4.33
swees	11938.29	707.40	1293.63	108.75	134.06	5.67
swich	8265.98	304.20	2227.19	39.25	1163.64	4.33
swird	9781.86	356.60	381.04	28.25	95.72	5.00
tabit	8836.04	346.80	427.59	29.75	113.73	4.00
tabow	5557.02	285.00	392.03	25.25	81.31	3.67
taked	11430.73	497.60	1474.86	94.75	623.90	15.00
tarks	9688.53	647.20	1017.80	76.25	67.58	11.67
tasic	6689.32	311.00	586.23	36.25	173.34	3.33
teads	10595.66	617.80	1662.23	63.00	187.80	8.33
teate	12338.34	457.20	1751.24	54.00	262.34	9.00
tedal	7343.43	286.60	554.86	30.00	14.06	3.33
teeks	11125.37	582.20	665.63	55.25	142.47	5.00
tenya	5808.06	266.80	294.76	23.75	26.59	3.33
teral	8494.71	337.40	611.11	42.50	98.02	4.00
thall	12700.51	314.80	3636.97	39.25	358.82	4.00
thead	13513.25	300.40	5512.64	35.00	2609.27	7.00
thean	12268.64	264.20	5778.49	38.25	2579.76	6.33
theat	13460.72	288.80	5635.97	35.50	2789.08	7.33
thece	15531.37	320.20	5535.67	30.75	2538.02	3.33
theck	12121.62	237.60	5247.79	33.25	2521.98	4.00
thefy	11204.07	293.60	4928.24	23.25	2483.17	3.33
thein	12572.57	256.80	6011.28	26.25	3477.53	3.33
theld	14949.72	308.60	6580.85	28.00	2543.59	4.67
thers	14790.84	534.00	6536.53	43.75	3911.75	9.33
thery	13063.16	329.60	6498.81	38.25	4087.51	6.00
thesh	12876.04	253.80	5443.17	30.75	2950.36	4.00
thess	14383.44	525.00	5579.48	28.75	3011.84	6.00
thest	13953.48	279.40	5895.63	33.50	2935.61	5.00
thice	15536.38	341.00	5925.28	37.50	1801.58	6.33
thich	12902.54	268.40	6451.07	45.75	2757.94	4.33
thiff	10194.69	219.60	4449.64	29.25	542.53	5.33
thild	14954.73	329.40	6557.60	37.50	1048.22	5.00
thile	16458.60	364.80	5458.10	45.50	1130.66	6.67
thill	13413.32	294.00	5477.66	41.75	1210.18	8.00
thils	15332.16	563.40	5239.12	63.00	899.97	10.33
thimy	11387.80	326.60	4418.08	33.25	516.85	4.33
thint	14418.09	321.00	5876.40	53.25	1149.62	11.67
thirt	14365.88	309.20	4679.13	35.50	620.17	6.33
thite	15079.32	375.80	5113.49	40.50	995.10	6.67
thock	11301.30	252.40	3595.38	35.75	386.39	5.67
thols	14506.83	557.40	3622.04	52.75	441.40	4.33
thory	12242.83	344.40	3781.76	39.25	435.33	5.00
thows	12231.38	508.00	3570.15	36.25	428.51	8.33
thred	14748.44	449.40	3835.16	90.25	540.71	10.00
thres	15125.88	683.40	4041.03	112.75	504.24	13.00
thron	10174.27	262.00	2966.84	26.00	266.55	4.00
thugh	10564.49	227.80	2777.00	21.00	63.68	5.00
thund	13428.29	297.00	3511.69	30.75	383.01	5.00
timen	10316.22	421.00	1152.35	34.75	420.32	6.67
tince	11167.21	378.80	1202.94	48.75	388.05	8.00
tiree	14166.13	540.80	1024.14	40.00	306.96	7.33
tirew	10280.02	438.60	866.54	38.50	96.74	7.00
tirly	10064.32	406.00	1148.76	37.00	190.58	2.33
tirst	10418.32	347.20	1510.33	34.75	863.10	3.00
tital	7835.11	295.20	597.02	35.00	110.62	4.33
titch	8760.79	277.80	1386.82	41.25	157.85	11.00
toded	13443.98	500.00	1324.29	93.75	168.62	8.33
toder	13290.52	479.60	2462.06	79.50	433.42	9.00
todes	13821.42	734.00	1530.17	116.25	133.60	11.00
todly	10846.04	400.60	550.90	37.75	106.63	2.67
toney	12416.01	571.20	685.61	48.75	308.57	8.67
tooks	12180.04	637.80	794.88	68.50	205.94	5.33
totty	10016.46	424.80	550.68	42.50	82.56	9.00
toubt	11333.24	336.60	2351.65	32.50	146.35	2.00
tould	13759.21	395.20	5085.68	38.50	3271.61	4.67
touth	11249.96	369.00	2855.21	46.00	372.37	6.67
toxed	13059.72	481.20	952.37	83.50	53.82	6.67
traff	7025.62	275.60	707.41	46.75	167.02	6.33
trand	11301.55	388.60	1259.85	61.25	231.19	9.67
trask	8936.07	320.60	885.88	52.50	171.80	7.33
trast	10789.41	356.20	1416.70	62.25	332.94	10.33
travy	8192.78	366.00	762.00	46.00	184.67	6.67
traws	9887.64	570.00	719.85	51.75	155.32	9.00
treak	9151.11	288.40	1379.64	44.50	524.29	10.33
treas	11434.42	569.60	1386.70	52.00	527.80	9.00
treen	12496.53	436.60	1607.35	50.00	268.79	9.00
treep	11436.86	415.20	1110.06	42.75	270.04	10.00
trich	10446.27	303.60	2813.23	60.50	1281.41	8.00
trief	11381.52	428.40	924.49	47.00	319.46	12.67
triet	13693.62	482.00	946.63	55.00	289.99	11.67
triff	7738.42	254.80	811.81	44.00	146.29	7.67
trime	11785.66	367.60	816.73	46.00	200.45	10.33
trise	13058.62	382.40	1865.75	61.25	198.15	10.33
truit	10271.06	301.80	559.99	32.50	136.81	4.67
truld	11456.13	329.00	3262.62	31.75	1720.33	4.67
trung	9326.77	269.60	1921.99	44.50	290.32	7.67
truse	12016.29	346.80	1718.78	46.75	381.47	9.33
tuman	6410.19	265.20	634.36	25.75	338.43	3.33
tuten	9594.19	413.00	1427.99	40.25	186.33	3.67
twich	9085.77	236.80	2185.20	33.00	1177.48	3.67
twint	10601.32	289.40	1610.53	40.50	242.97	8.67
uncur	4079.07	133.20	401.58	10.75	36.71	2.33
unded	7514.81	323.80	1579.96	82.00	475.58	6.00
undio	2722.91	125.00	592.70	12.00	238.19	2.33
unted	8064.52	337.00	2017.98	85.50	223.63	8.00
unter	7911.06	316.60	3155.75	71.25	926.78	8.33
upple	7304.26	222.40	547.87	15.75	51.36	2.33
upses	7525.71	560.80	1042.48	97.00	116.59	8.33
usere	9508.56	243.00	2479.91	22.75	1427.85	1.33
uside	8054.35	245.40	255.60	14.75	109.27	4.33
vallo	5113.03	317.80	417.42	40.25	133.28	8.00
valls	7902.14	606.00	649.82	68.25	277.06	21.67
valsh	5451.02	317.20	315.58	29.75	69.61	4.33
vieck	7194.76	248.80	483.84	27.25	78.67	2.33
vield	10022.85	319.80	1816.90	22.00	114.94	2.33
visic	3778.49	208.40	348.49	24.50	148.06	2.33
visle	8791.84	324.00	593.37	25.50	41.72	2.67
viven	7580.87	365.80	1557.82	43.75	452.32	10.33
voich	9908.67	325.00	2616.67	35.00	1272.89	2.00
voing	9831.51	326.60	2681.34	41.50	1474.39	10.67
voint	11424.23	377.60	2042.00	42.50	732.51	7.67
vower	10149.27	422.40	2218.41	70.00	354.16	12.33
wagic	6879.17	273.20	471.82	30.25	48.55	2.33
wally	8697.52	421.80	889.13	66.00	221.11	16.00
walue	9758.42	388.40	532.89	33.75	121.50	2.67
wance	10919.73	412.00	1266.50	51.00	280.33	8.00
wases	11506.30	729.60	1416.57	120.75	163.78	12.33
wasts	8879.33	611.60	786.99	85.25	155.79	14.67
wated	11813.20	501.00	2175.71	107.25	609.48	15.67
waten	10568.59	464.80	2020.17	56.25	726.56	10.00
weell	11062.52	309.20	860.16	34.00	125.35	6.00
weems	10764.69	546.20	571.09	37.25	227.84	5.00
weeth	10094.68	318.40	744.40	33.00	116.49	3.33
welow	5571.54	250.00	315.13	26.50	128.58	3.67
whall	12382.89	290.20	2494.69	38.50	339.03	4.33
whece	15213.75	295.60	4393.39	30.00	423.51	3.00
wheed	15879.79	413.00	4750.78	89.50	462.62	8.00
whein	12254.95	232.20	4869.00	25.50	1363.02	3.00
wheir	13346.10	248.00	5295.34	20.00	2329.66	2.67
whery	12745.54	305.00	5356.53	37.50	1973.00	5.67
whese	15192.26	301.80	5272.31	39.00	1202.92	4.00
whice	15218.76	316.40	4783.01	36.75	2747.89	7.67
whick	11809.01	233.80	4495.14	39.25	2680.15	9.00
whied	15884.80	433.80	4081.95	91.00	1599.52	8.67
whies	16262.23	667.80	4287.82	113.50	1526.13	9.67
whiet	15832.27	422.20	3442.19	39.50	1525.97	5.67
whild	14637.11	304.80	5415.33	36.75	1994.53	6.33
whill	13095.70	269.40	4335.39	41.00	2156.49	9.33
whils	15014.54	538.80	4096.85	62.25	1846.28	11.67
whilt	14584.58	293.20	3945.89	37.75	1882.01	7.00
whily	13286.86	334.40	4116.39	50.50	1854.59	7.00
whina	11786.48	258.60	4376.08	45.25	1933.57	9.00
whing	12507.76	245.40	5373.46	51.50	2837.80	16.00
whink	12247.13	260.80	4641.89	50.00	2225.27	11.67
whins	14530.44	542.00	4544.80	64.75	1956.14	15.00
whint	14100.47	296.40	4734.12	52.50	2095.93	13.00
whirt	14048.26	284.60	3536.86	34.75	1566.48	7.67
whiry	12750.54	325.80	3634.44	40.25	1553.20	7.67
whith	12127.86	278.60	3963.17	40.00	1618.12	6.00
whong	11682.43	239.40	3529.51	39.00	506.90	5.00
whood	11729.91	276.60	2417.28	30.25	375.06	5.33
whoom	9343.42	216.60	2329.07	31.25	253.80	5.00
whoor	11576.46	256.20	2462.64	34.25	300.40	4.33
whors	13652.90	524.20	2677.20	44.00	311.94	6.00
whoss	13245.50	515.20	2725.21	31.00	621.96	5.67
whote	13936.37	345.20	2660.02	38.75	269.90	4.67
whots	12809.93	543.80	2487.57	77.00	267.92	10.67
wided	11193.36	430.00	1170.46	91.25	140.11	11.33
wivil	7426.91	242.20	516.11	25.00	73.73	3.00
womed	13176.22	478.00	2675.37	86.00	583.37	9.00
womes	13553.65	712.00	2881.25	108.50	782.03	9.67
wooke	12988.85	414.60	1765.48	37.50	197.48	7.00
woral	10052.07	353.60	2291.91	45.00	540.85	7.00
woray	10243.24	418.60	2050.79	36.50	510.03	6.33
worce	13611.60	408.80	2557.01	38.00	597.01	5.00
worch	10977.76	336.20	3082.80	46.25	572.66	7.00
wored	14277.64	526.20	2903.38	105.25	560.28	14.67
worly	11679.70	426.80	2497.49	45.25	834.72	5.00
worns	12923.28	634.40	2146.26	53.00	510.59	9.67
worty	10300.42	437.80	2428.55	47.50	757.68	8.00
wouls	13819.03	604.60	4902.52	58.00	2600.63	5.00
woult	13389.06	359.00	4751.56	33.50	2639.85	4.67
woung	11312.24	311.20	4880.37	45.25	1704.39	7.33
wounk	11051.61	326.60	4148.80	43.75	1556.25	8.33
wours	13282.71	596.00	3884.85	46.50	1209.09	8.00
wourt	12852.75	350.40	3749.55	35.50	1159.34	5.33
wouse	14001.75	388.40	4677.16	47.50	1425.21	7.67
woute	13566.18	417.00	3998.57	39.75	1151.44	6.33
wouth	10932.34	344.40	3990.52	40.00	1306.20	6.00
wouts	12439.75	615.60	3826.11	78.00	1131.53	8.00
wroad	9919.05	325.80	658.11	33.00	138.40	2.67
wroke	10685.77	348.40	805.99	36.25	220.84	4.00
wrone	12375.28	372.60	1111.09	45.00	410.66	9.33
wrons	11248.84	571.20	1148.12	59.25	279.52	8.67
wroud	9562.30	294.80	1308.32	33.50	265.97	3.33
wrout	9509.76	283.20	1884.02	36.50	1034.46	5.67
wrove	10616.76	320.40	934.53	40.50	288.64	5.67
wrown	7835.45	248.40	944.55	38.25	383.25	8.33
yeace	10102.06	366.80	2154.16	45.50	680.60	6.00
yeach	7468.22	294.20	2679.94	53.75	489.19	6.00
yeade	9028.75	363.60	1439.50	39.75	464.78	6.00
yeans	9413.74	592.40	1678.80	64.75	580.93	9.67
yeant	8983.77	346.80	1868.12	52.50	551.18	6.67
yeard	8984.10	346.60	2028.57	48.75	996.07	11.00
yeare	10487.96	382.00	3036.75	55.00	935.36	11.00
yearm	6597.60	286.60	1880.92	46.50	861.79	9.67
yearp	6679.81	289.00	1877.00	46.00	866.91	8.67
yeart	8931.56	335.00	2102.79	49.50	1013.42	10.00
yeash	7446.73	300.40	1562.56	46.25	468.13	8.67
yeass	8954.13	571.60	1698.87	44.25	591.38	6.00
yeate	9645.00	401.60	1836.00	47.00	523.18	8.33
yeath	7011.16	329.00	1827.96	47.25	489.11	6.00
yeats	8518.56	600.20	1663.55	85.25	445.40	12.00
yeave	8781.65	341.60	1588.05	42.75	543.72	6.67
yeavy	5927.54	335.80	1360.32	32.75	479.99	3.00
yould	11065.87	339.60	5037.61	29.00	3410.74	4.33
yoult	11013.34	328.00	3568.17	30.00	1845.15	5.00
yound	10581.77	342.80	3047.70	38.25	1110.53	8.00
younk	8675.89	295.60	2965.42	40.25	761.55	8.67
youse	11626.03	357.40	3493.77	44.00	630.50	8.00
zaile	11440.98	419.00	1245.56	38.25	299.53	7.33
