STRING	N1_F	N1_C	N2_F	N2_C	N3_F	N3_C
abobt	6872.94	207.20	1333.55	9.00	852.57	1.33
aboin	6921.76	214.00	1656.38	16.50	853.82	2.00
aboit	8113.84	238.60	1410.32	16.25	852.63	1.67
aboks	7502.73	478.80	1690.73	41.75	948.24	3.33
abold	9298.91	265.80	2965.52	14.00	853.25	1.67
abole	10802.78	301.20	1866.02	22.00	989.48	2.67
abond	8814.81	269.00	2047.50	23.00	857.79	2.33
abone	10318.68	304.40	1831.10	25.50	991.69	5.67
abong	7169.56	206.40	2696.79	26.50	1116.50	3.33
abonk	6908.93	221.80	1965.23	25.00	853.23	2.00
abons	9192.24	503.00	1868.13	39.75	860.54	5.00
abont	8762.27	257.40	2057.45	27.50	940.80	2.00
abood	7217.05	243.60	1584.56	17.75	983.56	3.00
aboow	4834.81	176.80	1563.05	18.75	852.57	1.33
aboph	5878.56	198.80	1349.57	14.00	852.57	1.33
abory	7412.35	286.80	1806.77	26.00	918.87	2.67
abose	9859.07	283.60	2727.60	29.50	1323.70	4.67
abost	8302.67	236.60	2208.64	23.25	865.42	2.67
aboth	6789.66	239.60	1819.26	26.50	878.03	4.00
abots	8297.06	510.80	1654.85	64.50	898.64	8.67
aboup	5201.41	169.00	2080.75	14.25	1729.34	2.67
abour	7352.23	206.20	2022.44	15.25	1639.09	3.00
abown	5778.84	180.20	1664.56	18.75	1037.63	4.67
abows	7400.89	450.40	1595.15	23.00	939.11	6.67
acach	6942.21	239.40	1533.16	33.75	81.21	2.67
acare	9961.95	327.20	1889.97	35.00	96.02	4.67
addey	7003.16	373.00	568.51	25.25	77.94	2.33
affut	5139.88	142.00	938.90	7.50	0.08	0.33
aftak	4557.98	166.80	848.13	9.50	395.17	0.33
aftan	5219.24	177.80	1116.81	14.00	398.09	1.00
aftap	4159.57	156.40	795.43	7.25	395.17	0.33
aftck	5072.22	151.20	1076.82	20.00	395.17	0.33
afted	9148.01	351.20	2247.02	81.00	998.94	7.33
aftel	7606.60	315.80	1697.31	31.75	991.21	2.00
aften	7903.40	315.00	2091.48	30.00	1116.02	1.67
aftes	9525.44	585.20	2452.90	103.50	1032.10	9.00
aftey	7797.76	380.80	1650.01	25.50	946.91	1.33
agace	9657.64	302.60	1364.94	23.25	528.93	4.00
agact	8101.24	255.60	821.77	16.50	272.69	3.00
agaid	7943.45	275.40	816.61	19.00	514.16	2.67
agald	9075.99	291.00	2231.07	16.50	256.75	2.00
agaly	7725.74	320.60	932.13	30.25	267.66	2.33
agand	8591.88	294.20	1068.95	25.75	324.26	3.33
agard	8539.67	282.40	1239.35	26.50	405.50	4.33
agare	10043.54	317.80	2247.53	32.75	344.80	4.33
agary	7189.43	312.00	1411.15	32.75	267.86	3.67
agere	10751.34	276.20	2648.79	23.75	1437.13	1.00
agous	7547.68	459.00	958.93	16.00	6.46	1.00
agrte	8459.41	307.60	968.84	21.25	21.06	0.67
agrut	6489.07	210.40	853.60	11.75	21.24	0.67
ahild	13562.29	312.40	3911.46	29.50	535.22	2.33
ahile	15066.16	347.80	2811.95	37.50	617.65	4.00
ahres	13733.44	666.40	1394.88	104.75	260.50	11.33
alach	7833.73	287.40	2174.52	54.75	388.09	5.33
alaff	5125.88	238.60	800.31	34.50	46.54	1.67
alage	9171.85	355.00	978.69	43.50	82.44	3.33
alase	10446.08	366.20	2028.55	56.25	157.70	7.33
alems	8754.48	508.40	676.00	34.25	99.73	2.33
alold	9773.40	321.60	2266.56	32.00	180.08	2.33
aloms	7934.16	523.20	818.37	43.25	212.89	4.33
alore	10740.95	348.40	1944.18	44.00	237.52	6.33
alors	9614.52	547.00	1145.52	49.50	217.25	3.67
alout	7927.65	270.80	1905.06	35.00	1005.43	7.00
alown	6253.33	236.00	965.60	36.75	383.41	8.00
amand	8678.01	300.80	896.82	28.25	68.40	3.33
amare	10129.66	324.40	2075.40	35.25	96.18	4.33
amars	9003.23	523.00	1276.74	40.75	375.70	8.67
amast	8165.87	268.40	1053.68	29.25	166.22	5.00
amory	7163.02	291.80	690.82	25.50	165.01	1.67
amost	8053.35	241.60	1092.69	22.75	111.81	2.00
andep	6455.57	302.20	625.03	22.75	213.82	1.00
anice	10699.07	302.20	1702.31	23.75	155.22	3.33
antic	4552.39	163.80	418.56	16.75	157.52	1.67
apads	7554.62	513.60	683.20	37.75	95.62	5.00
apest	8884.27	235.80	1159.01	23.25	28.26	1.67
apirs	9726.64	511.20	549.71	34.25	11.14	4.00
arail	7719.27	317.40	878.69	44.50	96.62	5.67
arale	11897.09	403.80	1089.52	52.00	38.19	2.00
arbld	8188.45	278.40	1717.33	11.75	0.00	0.00
ardld	8500.77	287.80	1728.27	11.25	0.00	0.00
arere	12068.57	353.60	2972.08	41.00	1470.84	2.00
arice	11687.67	359.20	2054.51	44.25	211.02	5.67
arich	9053.83	286.60	2580.29	52.50	1167.39	3.67
arild	11106.03	347.60	2686.83	44.25	184.51	4.00
arile	12609.89	383.00	1587.33	52.25	266.94	5.67
arink	8716.05	303.60	1913.39	57.50	441.02	7.67
askek	6377.23	280.20	642.15	19.50	320.39	1.33
askel	6741.69	292.00	772.38	29.75	320.39	1.67
asken	7038.49	291.20	1166.55	28.00	440.78	3.00
asker	8129.65	307.00	2459.86	64.75	330.30	3.67
askes	8660.54	561.40	1527.97	101.50	447.01	10.00
aslle	8721.63	282.00	800.82	35.00	1.33	0.67
assir	5765.17	185.00	1046.66	9.50	3.05	1.00
awing	7616.17	221.40	2267.60	37.50	944.71	9.00
baler	9497.07	534.40	2269.53	94.00	49.52	9.33
banch	6640.96	373.00	1657.36	62.00	106.53	9.33
banss	8126.88	650.40	660.27	45.50	23.08	4.00
basue	7946.90	396.40	369.08	32.50	104.93	3.33
bayby	4294.29	355.40	218.96	23.25	44.80	2.00
beace	10832.86	431.40	2377.49	58.50	429.64	9.33
beack	7423.11	348.80	2089.62	61.00	306.51	11.67
beair	8965.21	383.80	2529.44	49.00	91.98	5.33
beare	11218.76	446.60	3260.08	68.00	684.40	14.33
bedel	8065.04	432.80	982.95	44.75	18.05	2.00
beeal	7981.13	334.60	1511.07	54.75	26.24	3.00
beeay	8172.29	399.60	1269.95	46.25	5.97	2.33
beept	8616.10	336.80	759.60	36.25	46.03	6.33
beges	10356.72	696.80	1592.19	110.00	221.17	6.67
beich	8911.82	338.00	2784.30	45.25	1397.23	1.67
beimp	6443.05	309.00	740.48	31.75	285.09	2.33
beith	8454.76	372.80	1438.68	40.25	316.03	2.00
belok	4402.97	303.20	647.67	34.50	103.54	4.00
beved	9761.64	460.40	2167.05	98.00	576.01	7.67
bever	9608.18	440.00	3304.82	83.75	820.64	9.67
bevof	4067.45	244.00	783.64	20.00	0.06	0.33
bigin	6296.43	277.40	1130.42	22.00	49.91	2.00
birut	7606.27	334.60	1111.46	23.25	45.97	2.00
biter	9944.67	456.40	2800.92	80.25	779.99	10.33
biver	9550.17	435.40	2840.87	80.25	695.51	13.67
blach	7263.62	313.40	2157.25	58.25	526.17	8.00
blage	8601.75	381.00	961.42	47.00	220.52	6.00
blaps	7402.87	578.60	830.36	60.00	156.43	9.33
blary	7429.25	395.40	1677.68	59.50	168.23	7.00
blian	7347.54	309.20	650.78	32.25	22.45	2.67
blome	8490.49	350.60	663.75	35.75	82.71	4.33
blore	10170.85	374.40	1926.91	47.50	140.54	8.33
blose	9763.45	365.40	2011.36	51.00	624.91	8.67
boich	10786.81	378.80	2690.51	46.50	1192.83	1.33
boint	12302.37	431.40	2115.85	54.00	652.46	7.00
bomed	11531.29	511.60	1504.77	95.00	298.24	8.33
booue	11724.32	430.00	1143.72	46.00	71.33	4.33
boule	13300.54	439.60	3950.89	49.50	1635.97	4.00
bouns	11690.00	641.40	2881.10	67.50	575.67	7.00
boure	12764.22	431.00	3512.90	50.00	156.78	5.67
bress	9964.63	569.20	1356.15	38.75	273.94	7.33
brild	10535.92	373.60	2826.61	51.50	274.22	7.33
brise	11096.08	391.40	1772.59	60.50	173.84	9.33
broge	8996.52	374.20	888.78	48.50	75.10	3.67
brols	10088.02	601.60	1023.01	67.50	91.34	6.67
broon	6384.11	309.20	943.93	53.50	99.45	7.67
brose	10270.75	385.40	2103.56	57.50	579.44	9.00
brout	7864.84	316.80	1980.00	45.00	998.88	8.00
bught	5459.57	249.40	1466.50	20.75	916.64	5.33
cabld	8331.57	389.20	1883.47	29.25	89.95	3.33
cafth	5769.64	356.20	653.72	34.75	11.09	2.00
cakel	8199.78	477.40	877.07	49.75	257.11	8.67
calps	6762.90	636.20	483.60	58.00	46.13	3.67
canse	9526.31	458.00	1544.58	58.00	113.99	7.00
carge	9081.09	456.00	994.08	60.75	323.22	10.33
caron	6468.68	391.00	775.80	58.50	67.41	7.67
cheal	10282.30	280.20	3375.22	51.75	149.37	6.33
chean	10579.10	279.40	3391.35	46.25	168.09	7.33
chees	14885.30	686.80	3711.80	120.75	185.60	8.00
cheir	11974.18	287.80	4050.49	28.75	2032.49	4.00
cheld	13260.18	323.80	4193.72	36.00	131.92	5.67
chere	14227.73	350.60	4948.06	46.25	2912.15	5.33
chery	11373.61	344.80	4111.68	46.25	1675.83	7.00
chice	13846.83	356.20	3538.15	45.50	1503.38	9.33
chien	13268.26	437.40	2681.55	48.75	258.40	7.33
ching	11135.83	285.20	4128.60	60.25	1593.30	17.67
chint	12728.55	336.20	3489.26	61.25	851.42	14.67
choch	10387.66	277.60	2021.91	49.50	37.74	6.00
cifer	9302.99	433.20	1935.91	55.00	39.96	2.67
clach	7536.63	319.60	2242.16	59.50	483.36	9.00
clald	9588.82	380.60	2582.51	44.50	102.92	5.00
clars	9429.93	606.00	1800.31	66.25	481.87	13.00
cleal	7318.74	295.40	1294.16	47.25	260.40	6.67
clepy	6655.99	338.80	541.95	30.75	133.30	3.00
cloil	6802.34	302.80	855.25	37.00	117.64	5.33
cloit	8291.22	326.60	779.00	39.00	114.31	5.00
cloks	7680.11	566.80	1059.40	64.50	211.64	7.00
clong	7346.94	294.40	2065.47	49.25	553.03	8.00
cloor	7240.97	311.20	998.60	44.50	288.52	7.67
coise	13672.16	463.80	2275.18	54.25	78.43	5.33
coour	10340.00	380.40	1623.46	52.00	14.91	3.33
corge	10943.96	443.60	1614.89	59.25	153.81	9.33
corle	13161.89	472.40	2058.47	55.50	257.44	4.33
corsp	8410.03	361.80	1694.13	48.75	94.18	7.00
coted	12304.14	528.40	2338.39	109.25	144.43	11.00
couir	10783.67	374.40	3552.31	44.00	712.67	2.67
coule	13573.54	445.80	4483.04	56.50	2328.25	5.33
coull	10528.26	375.00	4502.59	52.75	2334.06	5.67
couly	10719.42	440.00	4283.60	62.25	2341.20	5.33
cound	11585.56	413.60	3592.62	57.75	1638.13	9.67
coung	9940.31	351.00	4241.91	61.25	1437.29	9.33
counk	9679.69	366.40	3510.34	59.75	1289.15	10.33
couns	11963.00	647.60	3413.25	74.50	1267.95	8.33
coust	11073.43	381.20	3519.74	57.25	932.97	6.67
covee	13413.50	542.80	1682.08	51.25	202.87	8.67
cozew	8961.00	427.60	744.84	32.25	21.73	1.67
crale	11599.98	436.00	1157.00	61.25	68.44	7.67
crght	6584.36	253.40	1495.90	23.50	885.75	4.00
crins	10702.25	617.00	1883.78	81.50	208.18	12.67
crost	8987.35	344.60	1512.31	53.25	105.76	8.33
crune	10786.35	382.80	890.83	44.75	46.15	4.67
dajor	5183.30	300.40	321.29	14.50	124.22	0.67
daken	7658.16	448.40	1161.51	38.25	372.37	9.33
dalut	5991.67	353.00	866.63	29.00	38.75	1.33
deaff	4925.75	288.00	1186.31	42.50	130.03	3.67
deeir	9107.59	320.20	1843.59	27.75	984.35	1.00
deght	6174.04	250.60	1602.78	22.00	885.75	4.00
delld	7825.30	350.60	1974.13	46.50	65.84	7.67
devel	7654.81	403.00	1274.59	44.75	499.88	6.00
dilds	6149.18	553.00	572.81	53.50	15.59	5.00
dirnk	6496.62	319.40	784.92	32.25	14.38	1.33
dorns	10712.93	646.00	980.40	57.75	34.55	7.00
douby	7507.56	364.80	2300.51	34.25	104.23	1.33
dould	11231.25	382.20	5055.13	37.25	3279.70	4.33
drach	7205.50	311.40	1967.44	64.25	178.40	10.67
drase	9817.85	390.20	1821.47	65.75	129.58	10.33
drein	7588.34	279.00	1766.93	34.25	69.43	2.33
drerd	9429.17	322.20	2082.66	40.00	53.62	2.00
drere	10933.04	357.60	3090.84	46.25	1475.84	2.33
drild	9970.50	351.60	2805.59	49.50	271.13	6.00
drise	10530.66	369.40	1751.57	58.50	170.74	8.00
drmal	4437.22	250.80	699.86	27.50	0.00	0.00
dronk	6755.19	301.60	1320.17	51.00	195.63	7.33
drose	9705.33	363.40	2082.54	55.50	538.45	8.33
drout	7299.42	294.80	1958.98	43.00	957.89	7.33
drows	7247.15	530.20	950.10	49.00	208.17	12.00
druld	8928.16	316.00	3148.43	29.00	1648.70	3.33
druly	7577.92	345.60	1849.50	42.75	51.56	2.67
druth	6418.91	289.80	917.96	36.50	247.87	4.33
eaght	6131.43	276.60	1527.16	16.75	896.52	4.67
eaker	8694.58	437.00	2533.51	70.75	261.89	10.00
eakes	9225.47	691.40	1601.62	107.50	378.59	16.33
eands	6454.90	591.80	949.06	56.75	316.94	12.00
earll	7360.60	358.60	1426.18	39.25	272.85	2.33
earmy	5335.08	391.20	743.29	39.50	172.83	4.00
earts	7900.16	639.00	1192.89	84.75	432.45	10.00
earty	6172.48	434.60	1138.25	51.00	535.12	6.67
easic	4106.62	270.80	507.12	26.50	151.01	3.33
eates	9925.56	719.40	2264.84	120.00	468.96	17.00
eatht	6308.29	295.20	1199.08	26.50	22.65	3.33
eddin	3538.31	139.40	427.19	14.25	0.00	0.00
einns	7896.19	564.20	557.30	53.50	1.09	2.67
eites	9855.41	661.60	1833.24	111.00	102.55	10.67
eives	9460.91	640.60	1873.19	111.00	413.18	15.33
elafe	7804.13	316.00	549.30	27.25	0.32	1.00
emoss	7293.05	464.00	715.88	16.25	26.73	2.00
enden	6324.98	300.40	1144.22	29.25	235.91	3.00
endil	3647.95	156.60	461.10	14.00	40.63	1.67
entam	3048.65	152.60	307.10	11.25	26.41	0.67
ented	8119.30	349.80	1737.78	83.75	95.13	8.33
entte	6996.19	267.20	674.02	22.50	26.41	0.67
ererl	7833.03	259.60	1730.44	28.25	3.07	0.33
eveay	5767.35	249.00	910.39	21.50	202.10	1.00
eveer	9648.29	336.20	2419.99	62.25	221.31	3.00
eveil	5880.11	176.60	1230.64	10.25	202.10	1.00
eveir	7268.06	191.60	1826.78	7.00	1184.54	1.33
evere	9521.61	254.40	2724.35	24.50	1810.74	3.33
evert	7965.21	207.40	1790.39	19.00	401.20	4.33
evese	9114.22	245.40	1803.75	26.00	612.18	2.00
evesh	6480.38	172.80	832.33	17.00	245.11	1.67
evoue	7444.39	238.60	963.17	12.75	1.03	0.33
exank	5352.12	224.00	632.29	28.00	63.38	5.33
exats	6740.25	513.00	519.95	63.25	54.97	8.67
exich	6402.72	186.20	2173.66	29.50	1136.43	1.67
exild	8454.91	247.20	2280.19	21.25	199.02	2.33
fadis	7567.68	590.80	287.41	29.50	33.36	3.00
fahed	9463.00	477.40	1252.50	73.75	1.39	0.33
fakew	7037.86	419.80	701.00	34.00	253.58	9.33
fanch	6592.87	353.00	1668.91	57.00	103.66	7.67
fannt	8108.42	405.60	802.81	49.25	35.70	3.67
fapty	5358.43	410.00	485.79	33.75	28.77	0.33
fatch	6820.30	324.60	1695.78	49.75	224.57	11.67
fatir	7586.49	349.60	1417.43	31.50	27.05	3.33
fiele	12356.76	389.00	1130.03	33.75	95.03	2.67
figer	9719.72	417.80	3067.89	69.75	73.51	4.00
filld	8284.60	348.00	2361.25	49.50	90.05	8.33
finan	5893.84	311.80	1148.95	45.75	94.38	3.67
finse	9135.08	374.00	1909.40	53.50	160.91	5.33
firch	7351.73	304.40	2076.74	40.00	460.43	5.00
firer	10498.16	474.00	3035.09	84.75	479.63	9.67
firld	9403.93	365.40	2790.37	25.25	728.29	2.33
firle	10907.79	400.80	1690.87	33.25	481.89	2.00
firse	9964.08	383.20	2371.96	43.00	913.71	6.00
firss	8837.65	581.80	1536.86	32.00	830.00	2.00
fivak	5065.50	251.40	808.03	23.25	9.02	1.67
fiven	8410.92	399.60	1970.46	47.50	448.00	10.33
fized	9089.14	422.80	1221.00	79.25	14.93	4.67
flach	7215.53	293.40	2095.29	60.75	411.77	9.67
flale	10771.59	389.80	1336.13	53.75	59.29	6.33
flany	7433.37	387.20	960.36	57.75	108.06	10.00
flapy	5627.10	354.20	692.30	45.00	33.06	6.33
fliry	8093.96	354.60	663.18	44.50	26.99	4.00
foill	11249.50	384.40	1813.25	36.25	336.51	7.00
foing	10661.55	360.40	2851.32	46.75	1393.70	10.00
folle	11721.48	428.80	986.54	54.25	33.14	7.00
fomar	8645.58	334.00	831.77	26.75	129.67	1.67
fomer	11329.74	471.20	2738.67	74.50	254.41	5.67
fooio	8421.37	344.00	502.98	34.00	17.85	1.00
forll	9795.52	375.40	1642.02	38.50	370.34	4.33
forod	9255.06	388.60	977.20	36.00	124.82	5.00
fosce	10632.66	379.40	869.56	25.75	0.12	0.33
fotir	9449.35	337.20	1267.48	22.50	0.56	0.67
fould	11748.57	384.20	5146.53	35.25	3391.09	4.67
foums	9909.33	585.80	2550.13	47.25	171.62	3.33
foune	12768.34	422.80	2940.21	47.00	720.93	6.00
frace	10356.66	386.00	1375.96	52.50	331.20	8.00
frich	8435.63	292.60	2633.36	54.25	1164.37	4.67
frily	9137.58	383.20	1440.96	59.75	41.55	5.67
frise	11047.98	371.40	1685.88	55.00	81.11	7.00
fuice	10217.68	367.40	1877.81	29.50	186.67	3.67
fuich	7583.84	294.80	2403.60	37.75	1143.03	1.67
futan	4899.39	264.80	474.22	24.00	2.92	0.67
gamal	5168.30	323.80	601.58	36.75	22.31	2.67
gapal	4883.62	318.20	475.76	35.25	13.60	4.00
geier	11783.69	480.00	2250.62	65.25	1.73	2.67
ghins	12610.95	548.00	3022.02	58.50	496.82	11.00
gibld	7713.87	297.60	1800.64	11.75	6.60	1.00
gical	4806.93	261.40	570.60	25.75	92.37	1.67
gight	6406.88	240.40	2170.10	15.50	1742.27	8.00
gigut	6553.27	250.80	1477.07	16.50	0.00	0.00
gined	9596.14	477.60	1377.24	103.25	86.09	11.67
giner	9442.69	457.20	2515.01	89.00	92.85	11.00
gires	10802.59	720.80	1783.96	114.50	139.51	16.00
gived	9429.07	428.20	1806.77	91.50	592.01	12.67
glaff	4281.22	237.00	638.34	33.25	87.87	3.00
gleak	6406.71	249.80	812.00	31.25	206.46	8.33
goail	9177.69	382.00	803.67	30.00	26.65	3.33
goark	9409.45	377.20	968.81	37.50	53.80	4.33
gomes	11634.16	718.00	1768.41	109.50	492.46	8.67
gonel	9987.74	487.60	755.38	50.00	172.41	7.00
gorch	9058.27	342.20	1969.95	47.25	99.21	5.00
goull	9980.70	341.20	4028.21	37.75	1621.87	4.33
goung	9392.75	317.20	3767.53	46.25	725.10	8.00
gounk	9132.13	332.60	3035.96	44.75	576.96	9.00
gours	11363.22	602.00	2772.01	47.50	229.80	8.67
goust	10525.86	347.40	3045.36	42.25	220.78	5.33
gouts	10520.26	621.60	2713.27	79.00	152.24	8.67
graff	4788.51	257.00	808.74	46.00	146.89	8.00
grare	10516.10	393.60	2539.76	67.50	186.83	9.00
grast	8552.31	337.60	1518.03	61.50	312.81	12.00
grats	8546.70	611.80	1166.56	97.75	145.12	16.33
grdit	6471.03	259.00	622.07	24.00	0.54	0.33
grdle	9159.97	321.60	963.04	26.50	0.71	1.00
grean	7575.27	280.80	1749.65	48.25	702.79	8.67
greia	6757.28	260.20	1673.11	31.25	289.67	2.33
greio	6712.14	255.40	1664.04	30.25	289.67	2.33
greir	8970.35	289.20	2408.79	30.75	1272.11	2.67
greks	8460.17	538.20	1196.18	60.25	346.43	4.67
grepe	9469.84	330.80	969.02	36.25	294.37	3.67
grere	11223.90	352.00	3306.35	48.25	1711.88	3.00
grery	8369.78	346.20	2469.98	48.25	475.57	4.67
grese	10816.51	343.00	2385.75	49.75	802.40	5.67
gresh	8182.67	270.40	1414.34	40.75	435.33	5.33
grild	10261.36	346.00	3021.10	51.50	190.54	6.67
grils	10638.79	580.00	1702.62	77.00	42.28	12.00
gring	8132.00	286.60	2979.23	66.25	1059.59	14.67
grite	10385.95	392.40	1576.99	54.50	405.76	8.00
groke	8766.28	354.40	1096.47	44.75	257.70	7.00
grong	7306.68	280.60	2267.25	54.50	572.34	10.00
grony	7601.68	372.80	1304.81	53.75	321.38	11.00
grout	7590.28	289.20	2174.49	45.00	1071.33	8.67
gruld	9219.02	310.40	3363.95	31.00	1626.14	2.67
grurs	9060.14	535.80	1027.80	45.00	96.12	4.67
guich	7357.37	287.20	2415.63	38.25	1172.05	3.33
guing	7280.21	288.80	2480.30	44.75	965.86	10.67
guint	8872.93	339.80	1840.96	45.75	223.99	7.67
halld	8014.54	391.80	2094.62	52.50	84.18	6.67
hamal	5054.56	317.40	726.51	39.25	0.10	0.67
harde	8642.20	417.60	876.06	51.25	53.17	6.33
harmp	4612.90	319.20	755.74	48.50	27.05	5.33
harss	8567.59	625.60	1275.90	51.75	27.92	5.33
hasir	6561.95	330.20	1192.81	30.75	73.22	2.67
hater	9626.52	480.20	3220.03	93.25	1143.69	16.00
hatin	6155.13	319.80	1021.01	39.50	50.79	3.33
heaid	8730.37	370.20	1583.87	48.00	227.92	4.67
heail	7188.96	334.80	1688.00	46.00	238.31	6.00
heang	7733.56	326.40	2485.50	58.25	376.09	8.33
heank	7472.93	341.80	1753.94	56.75	424.62	11.00
heeks	8774.53	557.20	728.44	55.00	119.52	4.33
heern	8789.78	299.40	1701.70	36.50	14.79	4.00
heint	10039.08	356.60	1964.35	46.50	474.04	6.33
heres	10746.86	719.00	1491.26	125.00	40.38	12.33
heved	9373.34	426.40	1921.76	91.75	575.95	7.33
heves	9750.78	660.40	2127.64	114.25	538.25	11.00
hight	6293.14	234.00	2031.40	17.00	1742.46	8.33
hocte	9728.66	390.40	876.67	29.75	0.12	0.33
honen	10170.80	480.40	1262.18	52.75	178.60	7.33
hoont	11088.74	391.40	1296.72	53.75	96.50	5.33
hored	12244.42	525.80	1903.17	110.75	117.20	13.00
houad	9971.90	362.00	2518.21	35.75	265.38	1.67
houbt	8982.40	311.60	2486.75	32.00	362.49	2.00
houge	10694.30	376.80	2673.32	46.75	298.30	5.33
hould	11408.37	370.20	5220.79	38.00	3487.75	4.67
houng	9279.02	310.80	3880.16	50.75	986.69	8.00
hounk	9018.39	326.20	3148.60	49.25	838.55	9.00
hoven	10003.72	431.00	1695.31	46.75	323.94	9.67
howes	11170.00	696.60	1530.76	114.75	179.29	8.00
hught	5071.27	215.40	1464.03	15.50	916.13	5.00
idont	6868.96	226.60	823.90	24.75	88.47	0.67
idown	3885.53	149.40	431.01	16.00	185.84	3.67
innch	4302.19	178.20	1343.41	31.25	67.74	5.33
inoon	4485.56	193.00	423.81	28.50	5.22	2.33
isung	5139.32	144.80	1531.11	23.00	169.75	2.33
itast	7451.20	247.00	1097.76	29.75	173.46	4.00
jeeit	8796.60	294.00	1077.15	25.25	0.93	0.67
jeere	10949.22	348.00	2647.11	37.50	1427.45	4.00
jegbt	5328.29	218.20	220.18	8.00	0.00	0.00
joror	8172.36	331.20	803.52	35.00	7.89	1.67
joull	9277.92	311.80	3847.55	34.50	1621.54	3.67
jourt	10230.48	327.00	2456.04	33.25	179.71	5.33
kight	5792.17	211.80	2045.63	16.25	1742.27	8.00
kigim	4265.27	197.40	787.88	13.00	9.66	1.00
kiver	8660.89	379.20	2820.06	78.00	695.51	13.67
kndel	5759.06	294.20	818.52	32.25	231.64	1.67
knden	6055.86	293.40	1212.69	30.50	216.53	2.00
kneir	7367.03	203.60	1684.61	10.75	1006.58	2.33
knghy	3135.77	175.20	840.90	12.75	0.00	0.00
knter	7696.72	322.40	2944.01	70.75	771.86	8.00
lacad	6485.35	356.00	476.95	30.25	4.78	1.67
laich	8716.26	365.00	2496.29	51.50	1111.94	1.67
lajop	3390.21	259.00	373.78	17.25	62.11	0.33
lalph	4774.80	332.60	464.67	33.25	33.91	1.00
lanch	6433.27	346.80	1789.45	59.50	91.74	8.00
larme	8601.66	420.00	893.69	47.50	133.18	3.67
latal	5735.02	335.80	1026.53	46.00	249.00	6.00
latar	7122.97	350.80	817.40	39.25	173.82	5.33
layan	5129.22	302.20	658.27	26.00	7.85	2.00
leabs	8047.51	580.60	1294.28	45.00	276.90	7.67
leane	11063.28	432.20	1683.85	57.75	428.35	10.00
leare	11011.07	420.40	3078.84	62.25	894.00	15.00
leeir	9465.32	316.00	2005.10	26.00	983.36	1.67
lenng	6343.99	295.20	1483.81	39.50	17.13	2.67
lesth	5507.18	294.60	832.51	36.25	17.23	3.00
letan	6019.69	281.80	719.00	27.50	18.78	2.00
levep	7249.67	376.60	1332.98	34.00	480.76	4.33
lider	9187.28	417.00	2492.51	79.75	385.14	10.67
lieit	9508.23	320.20	1174.00	24.75	0.04	0.67
lilde	7633.35	350.20	477.80	38.00	1.90	2.67
lilel	7831.29	435.40	650.24	54.50	68.40	6.67
liman	5461.83	266.60	866.79	28.00	251.67	4.33
lince	8996.97	361.60	1305.72	51.75	434.36	8.67
lingy	4847.14	350.80	611.65	53.25	76.75	9.67
liref	8127.39	423.00	995.52	40.50	51.18	5.33
lirld	9244.33	359.20	2550.47	26.25	301.65	1.00
lirre	10211.88	386.00	1964.29	36.25	0.00	0.33
lirse	9804.49	377.00	2132.06	44.00	487.07	4.67
livat	6759.25	280.80	694.30	26.00	104.69	2.33
loily	11281.07	443.20	1550.47	50.00	35.32	4.67
loler	11152.25	495.80	2258.63	89.50	30.64	7.33
lonce	10929.97	407.00	1148.82	45.75	216.51	6.00
loout	9960.23	356.80	1725.25	44.75	853.05	6.00
lores	12802.46	767.60	1991.00	134.75	56.12	15.00
losty	7161.89	402.20	588.44	46.00	66.39	5.67
lould	11588.98	378.00	5102.74	39.50	3229.33	5.00
luest	8475.18	299.60	1064.13	25.50	59.00	2.67
luich	7424.24	288.60	2398.52	37.50	1143.03	1.67
luith	6967.18	323.40	1052.90	32.50	197.97	2.33
lurst	7026.21	311.40	1064.50	39.75	470.55	6.67
lyich	6828.53	215.40	2155.94	27.25	1137.90	1.00
maicy	8459.35	435.60	1392.58	39.25	6.82	2.33
maind	10247.71	433.00	1876.91	58.00	66.93	5.67
mapte	8016.31	413.40	798.67	35.25	1.07	0.33
marce	9859.48	432.40	1345.86	55.00	133.68	4.67
mater	9770.49	491.80	3275.89	96.75	1150.09	16.67
mawer	8920.22	466.20	2217.38	78.50	174.85	6.33
mayle	9277.53	385.80	749.73	33.50	78.91	1.67
meale	11510.75	432.80	1846.64	53.50	206.06	7.33
mears	9848.00	622.80	2163.94	67.25	1058.81	16.67
meers	10555.80	581.20	1987.77	48.50	18.28	9.00
meght	6495.13	250.20	1648.05	19.75	885.75	4.00
meied	11967.38	505.60	1259.98	85.00	102.49	3.33
mevep	7213.03	380.40	1216.75	33.50	415.87	3.00
mever	9363.86	417.60	3007.34	77.50	820.58	9.33
mieat	9167.67	331.40	1071.73	34.25	248.30	3.00
migal	5451.38	263.20	1399.69	33.75	270.00	1.33
miggs	6588.75	512.00	1001.92	32.75	251.58	0.67
milse	8648.53	363.40	1467.02	46.50	69.35	3.00
minse	8938.84	371.60	1696.48	54.50	141.59	6.33
mirer	10301.93	471.60	2822.17	85.75	53.84	9.00
miven	8214.69	397.20	1757.54	48.50	447.25	9.67
mives	9836.73	667.40	2118.95	122.00	413.18	15.33
modey	9886.86	516.20	838.43	41.50	43.87	4.67
moind	12110.57	420.60	2252.34	49.75	484.31	4.00
momed	11286.97	489.20	1651.21	95.25	294.31	8.33
momin	7662.12	308.40	970.80	35.00	7.12	1.33
monst	9315.45	370.00	1087.73	44.50	160.51	2.00
moown	8249.28	325.80	879.87	48.75	192.34	6.33
moubs	9556.34	568.80	2461.93	45.00	126.28	5.33
moues	13177.47	744.80	3300.20	119.75	66.33	5.00
moule	13056.21	417.20	4097.33	49.75	1680.12	5.33
mouly	10202.09	411.40	3897.89	55.50	1693.07	5.33
moung	9422.99	322.40	3856.20	54.50	789.15	9.33
muery	7548.23	353.60	1670.51	31.00	187.12	3.00
muine	10459.56	392.00	1600.70	43.75	26.61	6.00
mulll	5325.09	291.60	785.30	44.50	38.02	6.33
myied	10091.78	409.20	910.09	72.25	102.49	3.33
nacat	6065.81	319.20	412.51	24.25	0.14	1.33
natel	8052.16	447.80	1435.40	51.75	415.52	10.00
nayee	10194.84	485.80	296.69	17.75	6.58	2.33
neage	8962.44	375.00	1541.80	45.75	72.70	2.33
neand	9192.40	371.60	1915.86	51.25	216.75	5.67
neane	10696.27	407.00	1699.45	53.75	165.83	5.67
nease	10236.67	386.20	2591.67	58.50	161.19	6.33
neats	8674.66	613.40	1721.24	88.50	141.51	11.67
neave	8937.75	354.80	1645.75	46.00	239.83	6.33
necat	6053.69	266.00	561.30	18.25	6.62	1.67
neeal	7406.43	283.20	1345.43	45.00	75.54	1.33
neeio	6840.10	257.00	1275.96	21.50	55.27	0.67
neerd	9847.99	318.20	1910.09	33.25	59.57	3.67
neght	6164.76	221.20	1779.89	16.25	891.44	4.67
neice	10970.96	359.20	2092.88	27.25	156.27	3.33
neits	9387.47	592.60	1108.63	68.50	32.86	7.33
nelld	7816.02	321.20	2151.24	40.75	56.88	6.33
nennk	5716.35	285.40	767.84	34.00	13.66	1.33
netck	5505.66	230.00	694.61	29.50	5.18	1.67
neted	9581.45	430.00	1864.81	90.50	77.10	8.67
neven	7942.33	372.80	1845.87	37.25	874.40	5.67
nevey	7836.69	438.60	1404.40	32.75	718.16	4.00
nirse	9437.48	351.80	2002.73	36.50	487.07	4.33
nirte	9001.91	380.40	1280.37	30.25	36.17	2.33
nirth	6368.07	307.80	1272.33	30.50	208.72	5.00
nirts	7875.47	579.00	1107.92	68.50	88.64	6.67
noich	10212.11	327.40	2636.20	37.25	1217.28	1.67
noker	10602.89	422.40	2310.10	71.00	26.55	7.00
noull	9680.56	317.40	3916.13	36.50	1621.56	3.33
noung	9092.61	293.40	3655.44	45.00	724.78	7.00
offud	4174.25	125.80	209.07	3.50	34.53	0.67
ofted	8129.85	323.40	2092.89	80.00	760.24	7.33
oftel	6588.44	288.00	1543.18	30.75	752.50	2.00
ofter	7976.39	303.00	3230.66	65.75	1463.38	7.67
oftes	8507.28	557.40	2298.77	102.50	793.39	9.00
oftrs	6723.27	419.80	965.58	19.50	156.47	0.33
oftts	5880.31	439.40	856.68	57.00	159.06	2.67
olary	6981.20	341.60	1507.87	49.50	22.92	3.67
orest	9086.61	269.80	1528.07	32.75	130.90	4.00
orier	11182.10	428.40	2486.77	80.75	141.45	9.00
orind	9603.76	323.00	1991.22	52.00	134.18	4.67
orore	10230.09	340.60	1874.88	43.25	42.02	4.00
orote	9387.12	360.20	1059.04	43.50	92.45	3.67
orows	7364.51	498.40	826.89	40.25	175.98	9.33
otack	6081.24	210.60	1336.03	28.50	152.62	5.33
otars	8750.45	507.00	1707.83	41.00	461.17	8.67
otats	7907.49	526.60	1133.29	65.75	142.31	8.00
otein	7239.98	188.20	1566.62	13.75	31.39	1.00
othed	8157.10	306.00	1914.49	64.00	1066.52	1.33
othes	8534.53	540.00	2120.36	86.50	1069.42	1.67
otose	9356.97	272.60	2022.14	29.50	471.12	3.33
otung	6450.45	165.80	1944.00	24.25	172.29	3.67
otyam	2841.03	113.20	481.01	4.50	0.00	0.00
ouile	10739.94	357.40	1393.89	33.75	337.01	5.33
ourte	7906.68	359.40	849.42	36.25	2.56	0.67
ouser	7590.41	378.60	2025.82	71.00	11.90	5.33
oweer	9816.59	340.80	2168.15	63.00	41.96	3.33
pabor	5623.81	337.60	492.08	33.50	3.33	2.33
paker	9115.30	483.40	2645.80	85.75	261.89	10.00
palad	6766.94	414.80	526.87	45.25	16.68	4.00
palld	8203.41	423.00	2183.62	57.50	84.34	7.67
palup	4105.90	326.20	534.33	37.00	43.03	3.33
parge	8608.66	447.00	1075.33	61.75	448.89	10.67
paten	8724.23	495.60	2015.72	61.50	551.22	11.00
peell	9218.16	340.00	861.77	38.00	70.99	5.67
peild	10764.58	396.20	2502.98	31.75	171.48	1.33
perts	8308.76	632.20	722.63	79.50	59.99	8.00
pieir	9415.56	334.80	1678.42	18.25	1022.42	1.67
pight	6482.01	265.20	2081.46	22.25	1750.12	8.33
pimer	9245.40	443.00	2380.45	73.25	128.17	6.00
piten	8654.09	437.80	1522.63	47.25	193.99	4.67
pitrs	8492.13	570.40	550.86	37.75	9.08	2.33
pives	9881.63	687.00	1924.00	120.75	413.59	15.67
plads	7498.29	578.60	1259.60	58.50	356.84	9.67
plail	6442.43	320.60	1222.56	41.75	354.46	9.67
plall	7574.98	336.20	1452.95	45.50	549.57	6.00
plape	8329.88	377.20	777.27	39.50	320.03	7.67
plara	6213.54	313.60	1406.68	50.50	306.72	6.67
plard	8580.07	363.00	1541.17	51.25	455.71	9.33
plart	8527.54	351.40	1615.39	52.00	473.07	8.33
plats	8114.54	616.60	1176.16	87.75	360.67	15.00
plean	7143.10	285.60	1260.68	38.50	160.69	6.67
pleps	7911.24	534.20	568.42	45.00	50.89	4.67
plere	10791.73	356.80	2817.38	38.50	1439.80	2.67
plior	7593.87	308.20	536.68	28.00	6.74	1.00
ploms	7164.62	546.40	836.39	44.75	36.27	4.00
plors	8844.98	570.20	1163.54	51.00	40.63	3.33
plout	7158.11	294.00	1923.09	36.50	828.81	6.67
poins	12532.90	674.20	1997.28	64.25	633.93	9.33
pomen	10087.25	472.60	1419.97	42.00	426.88	5.67
pormy	7618.67	425.20	933.74	43.00	44.26	4.00
porse	11745.75	445.80	2278.16	56.25	174.75	8.33
pould	11597.24	401.40	5121.14	39.50	3241.33	5.00
poule	13101.10	436.80	4021.64	47.50	1631.23	4.33
pouls	11974.67	635.40	3802.66	65.00	1636.51	6.00
poung	9467.88	342.00	3780.51	52.25	740.27	8.33
prare	10591.23	418.40	2273.07	65.25	89.85	4.67
prems	8492.23	551.60	916.31	43.25	139.23	3.33
prery	8444.91	371.00	2203.28	46.00	231.82	3.67
pricy	8064.02	376.60	1578.92	41.75	141.67	7.67
prrch	6830.32	300.80	1312.05	33.00	32.68	2.67
putes	9054.26	689.40	1783.98	117.00	97.87	11.67
quild	8794.60	312.40	2651.52	32.00	471.92	7.67
qulor	3985.98	243.40	463.09	30.50	0.00	0.00
qumak	2896.86	199.80	527.95	23.50	102.82	1.00
qumer	7333.43	363.80	2478.27	74.50	4.82	2.67
qurar	5750.70	274.80	434.68	37.75	16.20	1.33
qured	8588.31	432.40	1255.28	104.75	76.11	9.67
quyba	1096.48	136.60	223.87	11.00	0.00	0.00
raded	9203.18	494.80	1252.98	96.75	108.08	9.00
raice	11142.40	437.20	1849.06	43.25	179.73	4.33
raips	8647.81	629.80	408.43	54.00	50.03	6.00
rarce	9688.42	428.20	1259.18	51.50	81.11	2.33
rases	9445.98	736.60	1292.30	121.00	141.28	11.67
reage	9121.75	399.80	1358.87	53.50	160.33	5.00
riare	10745.35	415.40	2125.71	40.50	95.53	4.00
riase	10337.96	406.40	1622.93	40.75	21.06	3.00
rigar	6668.27	274.00	1189.97	23.75	288.72	1.67
rigir	6972.19	266.60	1766.16	18.25	270.61	1.67
rilke	7247.56	355.80	508.28	34.50	3.79	2.67
rilor	5681.98	298.80	602.33	35.50	7.08	2.33
rinel	7913.90	443.20	933.26	58.75	74.15	9.00
rirse	9596.79	376.60	2158.46	40.75	487.07	4.33
rirth	6527.38	332.60	1428.05	34.75	208.72	5.00
rirts	8034.78	603.80	1263.64	72.75	88.64	6.67
rital	5457.17	277.60	726.20	34.75	100.58	3.67
ritey	8332.49	479.80	1275.54	40.75	19.08	3.67
roare	12678.36	460.80	2141.04	51.00	136.95	7.00
roink	10033.63	369.20	2091.96	48.75	781.04	5.33
ronol	6517.35	337.40	419.42	33.00	1.03	1.33
rorld	10969.63	404.20	2694.16	37.75	492.80	0.67
roter	11462.29	475.20	3012.35	85.25	848.86	11.67
rould	11381.28	377.60	5118.73	38.75	3363.09	5.67
roull	9839.87	342.20	4038.79	43.00	1758.81	5.33
rouls	11758.71	611.60	3800.25	64.25	1758.27	6.67
rowes	11142.91	704.00	1428.70	115.50	179.97	9.00
sanck	7007.82	421.40	784.69	53.50	39.13	3.00
sasir	8093.01	422.60	1092.33	30.50	69.55	2.00
saung	8947.21	415.60	1618.47	42.25	180.38	6.67
scase	10127.21	402.60	1434.52	44.25	55.69	8.00
sceas	9215.82	569.00	708.05	35.75	132.97	2.67
scers	10115.97	568.60	1727.71	38.25	45.31	6.33
scops	7541.59	562.20	259.24	43.50	70.18	9.67
sculd	9237.53	328.40	2901.88	21.75	1610.57	3.33
seand	10909.86	481.40	1834.79	56.25	230.28	6.67
seare	12361.52	505.00	3013.37	63.25	645.00	11.67
seart	10805.12	458.00	2079.40	57.75	723.05	10.67
seate	11518.56	524.60	1812.62	55.25	232.81	9.00
seeir	10815.77	400.60	1939.63	27.00	1070.91	2.33
seere	13069.32	463.40	2837.19	44.50	1514.98	5.33
segar	8284.44	363.60	612.95	24.75	171.00	2.67
seger	10968.59	500.80	2277.37	68.50	37.86	3.33
seial	9128.90	413.80	772.74	31.50	22.77	1.67
selll	7992.07	395.60	990.23	50.00	58.05	6.33
serty	7923.27	489.00	809.13	46.25	181.63	4.33
seved	10904.40	518.80	1920.34	93.25	615.73	8.00
seves	11281.84	752.80	2126.21	115.75	578.03	11.67
sheak	10787.59	320.60	3234.89	44.50	200.33	9.33
sheal	11152.06	332.40	3487.44	54.50	134.79	7.00
sheic	10620.45	295.80	3500.30	37.25	1035.47	4.33
sheir	12843.94	340.00	4162.71	31.50	2017.91	4.67
sheit	12944.86	348.80	3490.31	36.75	1035.47	4.33
shere	15097.49	402.80	5060.27	49.00	2897.57	6.00
shert	13541.09	355.80	4126.31	43.50	1488.03	7.00
shice	14716.59	408.40	3650.37	48.25	1334.90	7.67
shich	12082.75	335.80	4176.15	56.50	2291.26	5.67
shick	11306.85	325.80	3362.50	50.75	1267.16	9.00
shide	13643.28	405.20	2219.20	44.00	98.10	8.00
shild	14134.94	396.80	4282.69	48.25	581.54	6.33
shile	15638.81	432.20	3183.19	56.25	663.98	8.00
shina	11284.31	350.60	3243.44	56.75	520.58	9.00
shind	13650.84	400.00	3591.53	59.50	512.73	9.33
shing	12005.59	337.40	4240.82	63.00	1424.81	16.00
shint	13598.31	388.40	3601.48	64.00	682.94	13.00
shose	13869.77	408.60	2427.68	53.50	1088.06	10.67
shote	13434.20	437.20	1527.39	50.25	291.53	8.00
siden	9446.58	485.80	1183.27	40.75	76.31	7.67
sidld	9443.50	393.00	1864.36	22.00	23.46	1.33
simes	11118.48	758.60	1600.61	109.00	365.76	8.67
sinal	6787.90	391.00	876.98	50.00	257.01	5.67
sinds	8147.68	641.60	1089.09	65.00	425.45	13.67
sinte	9890.36	481.00	1037.81	50.75	179.53	4.67
sirld	10594.78	443.80	2534.54	24.00	302.76	1.67
sking	8068.32	296.80	2215.69	40.50	958.98	13.00
slach	8406.38	371.80	2037.94	60.75	396.00	10.00
slady	7112.80	435.40	793.60	49.25	65.88	7.67
slage	9744.51	439.40	842.11	49.50	90.35	8.00
sloor	8110.73	363.40	794.38	45.75	183.50	6.33
smads	8116.67	589.00	914.88	36.50	246.00	5.33
smain	7357.61	330.20	1047.65	22.00	550.78	5.33
smale	11238.63	417.40	1088.67	27.25	394.34	3.00
smans	9628.09	619.20	846.69	45.25	316.98	7.33
smaow	5270.66	293.00	454.55	10.25	188.81	1.67
smare	10702.32	408.80	2204.64	35.50	284.47	4.67
smars	9575.88	607.40	1405.98	41.00	563.99	9.00
smean	7761.48	296.00	1089.28	26.75	65.32	3.00
smpel	7313.76	392.00	515.04	30.75	2.24	1.67
smper	8701.72	407.00	2202.52	65.75	80.99	4.00
sobay	8277.48	450.40	296.51	20.50	3.75	0.33
somed	12674.05	570.00	1531.22	89.00	293.80	8.00
songe	10984.71	486.60	639.83	49.50	60.17	8.67
sorge	11813.71	495.80	1109.20	46.25	187.68	6.67
sould	12939.43	462.60	5076.85	35.50	3352.00	5.33
soung	10810.07	403.20	3736.22	48.25	850.94	8.67
sount	12402.79	454.20	3096.88	49.25	725.81	11.00
souty	10209.90	503.20	2627.32	47.25	275.71	6.00
sowes	12701.06	789.00	1386.82	112.25	178.95	8.00
spach	7693.17	330.00	1816.42	48.50	196.17	8.00
spair	8459.37	355.00	1442.58	30.75	121.13	6.00
spalt	9692.83	379.40	687.32	34.50	79.96	6.00
spams	7906.12	592.60	593.05	45.50	86.72	10.67
spant	9208.73	382.60	1004.59	47.25	171.28	8.00
spary	7858.80	412.00	1336.85	49.75	134.71	8.33
spave	9006.61	377.40	724.53	37.50	182.54	9.00
speid	9320.62	333.80	1200.99	28.75	155.41	3.67
speir	9167.16	313.40	1901.27	23.50	1137.86	4.00
spese	11013.32	367.20	1878.23	42.50	565.50	4.67
sponk	7242.86	320.20	984.52	38.50	65.38	4.33
spper	8712.32	416.00	2252.26	78.50	100.01	4.33
spror	6768.87	318.60	448.47	30.25	15.41	3.00
squnt	8613.61	308.60	863.75	25.75	51.18	6.67
stano	7604.37	342.80	1428.64	46.00	409.11	9.67
stary	8613.59	414.80	2135.58	58.25	457.76	11.67
stase	11060.31	411.60	2469.19	58.50	374.27	11.33
stath	7990.90	367.60	1763.17	50.50	539.06	10.00
steat	9718.95	332.40	1656.78	45.75	353.27	9.67
sthed	9747.91	418.20	2379.96	86.75	534.20	1.00
sthen	8503.30	382.00	2224.42	35.75	533.25	1.00
sther	9594.45	397.80	3517.73	72.50	1067.08	1.67
sthey	8397.66	447.80	1782.95	31.25	532.82	0.67
stich	9160.76	312.00	3224.31	50.25	1468.66	4.33
stids	9594.86	580.00	1574.85	54.00	345.93	5.67
stigh	7865.05	307.00	1176.84	32.50	346.62	4.33
stine	12232.72	411.60	2423.29	55.75	358.72	8.67
stite	11337.54	419.40	1886.74	45.00	692.99	6.33
stoce	10969.27	378.60	1668.28	42.75	258.65	7.33
stong	8258.27	307.60	2456.81	49.25	532.86	9.67
stoor	8152.30	324.40	1389.94	44.50	372.68	8.67
stown	6867.56	281.40	1424.58	41.50	422.44	10.67
stoxy	6552.53	335.00	1050.49	29.75	237.95	7.33
strls	10136.41	598.00	1433.97	57.25	77.72	5.33
stull	8629.21	302.00	2670.16	38.50	92.35	4.00
sture	11138.17	364.20	2212.61	42.75	86.76	3.67
suich	8774.69	373.20	2388.72	37.25	1153.90	2.67
swnng	5905.83	287.60	1158.16	27.00	0.00	0.00
taler	11459.62	525.40	2366.81	91.25	56.02	8.67
tamir	9097.28	350.00	1088.27	28.50	1.82	2.33
tanes	12280.83	788.00	1585.60	133.00	96.77	15.67
tarle	12988.58	469.60	1485.73	52.75	110.40	3.33
tarll	9943.30	398.80	1505.29	49.00	110.40	3.33
tarse	12044.87	452.00	2166.82	62.50	94.57	8.33
taser	11293.03	499.80	2310.83	84.00	80.97	7.67
tasth	7689.54	365.00	913.76	47.25	88.78	6.33
tauld	11896.35	407.60	3115.40	29.50	1625.17	3.67
teate	12338.34	457.20	1751.24	54.00	262.34	9.00
tegod	8612.28	302.60	408.92	17.00	0.28	0.67
teith	10417.31	363.80	1130.59	34.25	31.43	1.33
telks	8557.08	576.60	534.04	56.75	37.04	5.00
telor	8117.94	321.00	463.37	32.75	60.60	2.33
terds	9854.49	588.00	769.76	51.50	210.33	6.67
thair	12955.92	314.20	4002.73	32.25	110.32	3.33
thang	12112.57	290.80	4204.08	47.75	51.58	5.67
thant	13705.29	341.80	3564.75	48.75	148.22	6.67
theal	11971.84	265.00	5762.35	43.75	2561.04	5.33
thean	12268.64	264.20	5778.49	38.25	2579.76	6.33
theay	12163.01	330.00	5521.22	35.25	2540.78	4.67
theck	12121.62	237.60	5247.79	33.25	2521.98	4.00
theds	13331.62	515.60	5388.08	46.00	2553.39	6.33
theer	16043.95	417.20	7030.82	76.00	2555.47	7.00
thees	16574.85	671.60	6098.93	112.75	2597.27	7.00
theic	11440.24	228.40	5775.21	26.50	3461.72	2.67
theil	12275.77	257.60	5841.47	24.00	3461.72	2.67
thein	12572.57	256.80	6011.28	26.25	3477.53	3.33
theis	14194.61	527.00	5713.68	25.50	3461.72	2.67
theld	14949.72	308.60	6580.85	28.00	2543.59	4.67
thell	13408.31	273.20	5500.91	32.25	2537.19	6.00
thenk	12559.74	264.60	5335.35	33.50	2479.28	2.33
therk	12507.53	252.80	6173.53	30.00	3909.72	4.00
thers	14790.84	534.00	6536.53	43.75	3911.75	9.33
thert	14360.87	288.40	6401.23	32.75	3914.28	5.33
thery	13063.16	329.60	6498.81	38.25	4087.51	6.00
thess	14383.44	525.00	5579.48	28.75	3011.84	6.00
thest	13953.48	279.40	5895.63	33.50	2935.61	5.00
thets	13947.87	553.60	5220.74	69.25	2488.22	5.67
thice	15536.38	341.00	5925.28	37.50	1801.58	6.33
thich	12902.54	268.40	6451.07	45.75	2757.94	4.33
thict	13979.98	294.00	5382.11	30.75	1647.22	4.33
thids	13336.63	536.40	4801.60	49.50	519.83	5.33
thier	16048.96	438.00	6361.99	77.50	552.45	6.67
thild	14954.73	329.40	6557.60	37.50	1048.22	5.00
thile	16458.60	364.80	5458.10	45.50	1130.66	6.67
thill	13413.32	294.00	5477.66	41.75	1210.18	8.00
thind	14470.62	332.60	5866.45	48.75	979.41	8.00
thint	14418.09	321.00	5876.40	53.25	1149.62	11.67
thior	12719.41	286.80	4552.96	29.00	518.99	3.00
thiow	10490.63	240.40	4486.09	26.00	513.01	2.67
thist	13958.49	300.20	4984.63	40.25	557.67	6.67
thite	15079.32	375.80	5113.49	40.50	995.10	6.67
thith	12445.48	303.20	5105.44	40.75	671.81	4.67
thity	12225.20	370.00	4886.39	45.00	651.64	5.00
thive	14215.97	315.80	4659.58	35.75	573.03	5.67
thond	13645.29	326.60	4022.50	36.25	327.23	3.00
thont	13592.76	315.00	4032.45	40.75	410.24	2.67
thook	10141.66	254.00	3481.11	30.75	350.77	4.33
thory	12242.83	344.40	3781.76	39.25	435.33	5.00
thost	13133.16	294.20	4183.63	36.50	687.20	4.33
thoth	11620.15	297.20	3794.25	39.75	326.36	5.00
thoul	10794.77	248.80	3990.30	27.00	298.06	2.67
thoup	10031.89	226.60	4055.74	27.50	400.31	3.00
thout	12283.65	272.60	4579.02	30.25	1096.69	5.33
thrge	12786.68	327.00	3185.12	28.25	381.29	5.67
thrgh	10152.84	254.40	3007.98	19.00	244.14	2.00
thrse	14060.91	338.20	4309.79	34.25	327.45	5.67
thrsh	11427.07	265.60	3338.38	25.25	253.06	2.33
thrss	12934.47	536.80	3474.69	23.25	243.74	1.67
thuny	12078.04	326.60	3198.54	33.50	12.41	2.33
tirld	11414.57	376.40	2447.70	23.25	325.33	1.33
titer	11907.22	447.40	2881.14	82.25	784.29	10.67
tivim	6899.45	242.20	445.69	20.25	29.87	1.33
toary	12202.18	472.60	1271.61	50.75	47.59	5.33
toing	12672.20	371.40	2790.48	50.00	1393.68	10.00
toits	13799.70	675.80	1215.78	76.50	32.05	7.00
tolks	10432.07	617.40	550.44	61.75	25.19	5.33
tonde	12026.90	421.00	623.57	44.00	13.29	3.67
toner	13612.80	521.20	2420.39	90.00	204.81	11.67
tosin	9684.50	327.00	698.97	29.50	6.19	1.67
toter	13840.22	492.80	2979.31	85.00	894.00	12.33
tould	13759.21	395.20	5085.68	38.50	3271.61	4.67
toull	12217.80	359.80	4005.74	42.75	1667.33	4.33
touse	14319.37	413.00	3541.84	53.50	491.37	8.33
trage	11071.59	392.00	885.79	55.75	191.84	7.00
trdes	11518.33	667.80	1641.54	111.50	124.93	7.00
trein	10116.30	292.00	1881.12	37.00	80.16	3.33
treir	11207.46	307.80	2307.46	31.50	1046.79	3.00
trere	13461.01	370.60	3205.02	49.00	1486.56	3.33
trerp	9652.85	277.60	2045.27	40.00	64.79	3.00
tresh	10419.77	289.00	1313.01	41.50	210.01	5.67
trgal	7288.17	255.80	784.64	32.50	26.20	1.00
trich	10446.27	303.60	2813.23	60.50	1281.41	8.00
trink	10108.48	320.60	2146.34	65.50	555.05	12.00
troon	8346.66	300.20	1037.09	54.25	39.56	6.67
trown	8153.07	273.00	1133.69	47.50	287.79	9.67
trows	9775.11	543.20	1064.28	51.75	189.27	11.67
truay	8669.42	350.40	568.62	29.75	97.05	3.33
tuiss	11080.39	583.20	600.12	27.75	13.60	1.33
twfen	8170.79	314.60	627.22	16.00	0.00	0.00
twfep	7111.12	293.20	129.93	8.75	0.00	0.00
twint	10601.32	289.40	1610.53	40.50	242.97	8.67
uncer	7119.98	301.40	2248.50	57.75	23.08	2.00
undan	3586.04	150.40	926.39	18.50	193.39	1.67
undel	5973.40	288.40	1030.25	32.75	423.45	2.67
undge	5553.05	201.40	776.25	24.25	233.75	6.00
unich	6820.19	193.60	2530.20	33.00	1202.74	2.67
unies	10497.51	617.60	1509.23	101.50	120.35	6.00
unind	8388.28	257.80	1945.58	36.00	105.48	2.33
unint	8335.74	246.20	1955.53	40.50	275.69	6.00
unnde	6097.73	244.80	618.31	22.75	0.00	0.00
unour	6100.38	189.00	1187.16	18.75	13.19	2.00
untee	9568.38	372.40	1487.47	28.50	171.50	1.67
unter	7911.06	316.60	3155.75	71.25	926.78	8.33
upace	8509.32	282.20	1055.36	24.50	315.57	3.33
uprng	5057.15	181.40	1091.08	17.00	0.00	0.00
usies	10171.14	600.00	1191.58	95.75	72.09	5.00
usker	6884.61	271.00	2383.53	63.25	170.11	3.00
uskld	5790.37	162.40	1744.79	5.75	0.00	0.00
usste	5930.71	231.40	643.50	24.50	46.98	2.00
vight	5803.30	214.20	2076.70	18.75	1743.48	8.33
vimer	8566.69	392.00	2375.69	69.75	127.71	5.67
viner	8839.11	431.00	2421.61	92.25	94.49	11.67
volom	4919.21	277.40	237.06	26.25	0.93	1.33
vorde	10015.23	385.40	898.62	35.25	95.80	2.33
vount	10381.89	342.00	2996.58	43.75	599.49	9.00
wabed	10951.19	478.40	1069.98	87.75	5.95	4.00
waber	10797.73	458.00	2207.74	73.50	10.33	3.33
wadey	9913.25	517.40	780.23	41.00	12.43	5.67
waice	13202.71	430.20	1973.33	43.00	164.76	4.67
waich	10568.87	357.60	2499.11	51.25	1121.12	2.67
waker	10959.66	452.60	2650.25	80.50	264.09	11.00
walin	7670.61	340.40	801.41	39.25	50.83	2.00
walld	10047.77	392.20	2188.07	52.25	125.09	6.67
wasey	9778.62	525.20	613.68	42.75	73.08	5.33
wates	12190.63	735.00	2381.58	129.75	642.64	17.33
weeic	9094.45	264.40	1134.47	28.25	57.55	2.00
wenel	10032.24	440.80	577.70	46.75	9.24	1.67
wever	11253.11	406.40	2915.35	74.50	820.58	9.33
whace	14505.95	337.20	2708.51	41.00	278.19	5.00
whald	13924.30	325.60	3574.64	34.25	85.04	4.00
whand	13440.20	328.80	2412.52	43.50	97.89	6.33
whats	12922.46	570.60	2217.90	80.75	45.93	10.00
wheal	11654.22	240.40	4620.07	43.00	446.53	5.00
whean	11951.02	239.60	4636.21	37.50	465.25	6.00
wheed	15879.79	413.00	4750.78	89.50	462.62	8.00
wheer	15726.33	392.60	5888.55	75.25	440.96	6.67
wheid	13499.56	268.40	4595.07	25.25	1347.21	2.33
whein	12254.95	232.20	4869.00	25.50	1363.02	3.00
wheir	13346.10	248.00	5295.34	20.00	2329.66	2.67
wheit	13447.03	256.80	4622.94	25.25	1347.21	2.33
whemy	11065.18	281.20	3895.72	25.75	391.07	2.67
whene	15651.86	322.60	4058.95	33.25	394.95	2.33
wheng	12502.75	224.60	4924.65	34.25	364.77	2.00
wheps	12719.16	488.20	3943.95	44.00	400.90	5.00
wherd	14095.78	275.40	5184.73	31.25	1787.10	3.67
whern	12851.17	239.20	5055.99	31.00	1791.23	4.00
whers	14473.22	509.40	5394.25	43.00	1797.24	9.00
whert	14043.25	263.80	5258.95	32.00	1799.77	5.00
whese	15192.26	301.80	5272.31	39.00	1202.92	4.00
whest	13635.86	254.80	4753.35	32.75	821.10	4.67
whews	12734.08	468.60	3882.14	28.25	387.44	7.00
whice	15218.76	316.40	4783.01	36.75	2747.89	7.67
whick	11809.01	233.80	4495.14	39.25	2680.15	9.00
whict	13662.36	269.40	4239.84	30.00	2593.53	5.67
whied	15884.80	433.80	4081.95	91.00	1599.52	8.67
whies	16262.23	667.80	4287.82	113.50	1526.13	9.67
whiji	9696.57	179.00	3206.51	21.00	1459.32	4.00
whild	14637.11	304.80	5415.33	36.75	1994.53	6.33
whill	13095.70	269.40	4335.39	41.00	2156.49	9.33
whily	13286.86	334.40	4116.39	50.50	1854.59	7.00
whind	14153.00	308.00	4724.17	48.00	1925.72	9.33
whing	12507.76	245.40	5373.46	51.50	2837.80	16.00
whink	12247.13	260.80	4641.89	50.00	2225.27	11.67
whint	14100.47	296.40	4734.12	52.50	2095.93	13.00
whion	11310.63	246.40	3348.73	32.00	1528.73	5.00
whior	12401.79	262.20	3410.69	28.25	1465.31	4.33
whire	15604.66	331.60	4470.82	40.25	1546.45	8.67
whirn	12856.18	260.00	3333.90	33.75	1543.36	7.33
whith	12127.86	278.60	3963.17	40.00	1618.12	6.00
whold	13811.78	298.80	3798.24	26.50	345.63	3.33
whond	13327.67	302.00	2880.22	35.50	248.18	4.00
whong	11682.43	239.40	3529.51	39.00	506.90	5.00
whons	13705.11	536.00	2700.85	52.25	250.94	6.67
whout	11966.03	248.00	3436.75	29.50	1017.64	6.33
whove	13073.02	285.20	2487.26	33.50	346.49	6.00
whown	10291.71	213.20	2497.28	31.25	447.98	7.33
whrse	13743.29	313.60	3167.51	33.50	83.71	4.00
whrsy	10889.17	307.80	2132.20	23.50	0.10	0.67
whrty	10453.60	336.40	2218.05	31.75	155.34	1.33
wierk	10103.72	284.20	1398.03	26.00	12.16	2.00
wiger	11412.74	404.20	2643.71	68.00	41.70	4.00
wivey	9998.30	451.80	1104.81	41.25	303.27	8.33
woach	11718.93	366.00	2886.50	43.50	93.40	3.67
woall	12229.71	391.60	2146.90	32.75	263.95	2.33
woate	13895.71	473.40	2042.56	36.75	137.35	5.67
wocan	8956.22	300.00	1825.30	24.00	84.36	2.00
wocks	9841.11	557.40	1737.60	56.50	88.94	17.33
wodal	8900.80	302.80	1789.90	29.75	82.28	3.33
woich	12431.74	345.20	3861.12	37.50	1192.08	1.00
woils	14861.36	640.20	2649.18	54.75	26.18	9.00
woked	12975.98	460.60	2397.26	85.50	236.64	11.33
womam	8105.57	280.80	1831.04	19.75	419.25	2.67
womas	10869.49	574.80	1869.89	28.25	419.38	4.00
womed	13176.22	478.00	2675.37	86.00	583.37	9.00
womer	13022.76	457.60	3813.14	71.75	543.98	6.67
wonnk	9810.96	344.00	1834.53	36.75	11.88	1.67
woost	12662.36	371.00	2448.11	44.00	46.42	5.33
woove	12919.84	386.60	1894.01	41.75	146.17	5.67
woowd	11383.14	350.80	1760.70	35.75	29.89	2.33
woown	10138.53	314.60	1904.04	39.50	197.83	5.33
woows	11760.58	584.80	1834.62	43.75	99.31	7.33
worge	12315.88	403.80	2253.35	43.25	619.44	8.67
worns	12923.28	634.40	2146.26	53.00	510.59	9.67
worre	13997.50	424.00	3210.24	41.50	538.81	4.33
worte	13154.54	443.60	2655.65	43.00	602.54	7.00
worts	12028.10	642.20	2483.20	81.25	655.02	11.33
woubs	11445.59	557.60	3486.10	35.75	1041.52	3.33
wouds	11823.50	577.60	3854.63	51.25	981.77	3.33
woull	11900.18	335.20	5141.05	36.75	2601.16	3.67
woums	11602.35	572.20	3624.60	44.50	985.97	2.67
wounk	11051.61	326.60	4148.80	43.75	1556.25	8.33
wouny	11607.24	403.40	3917.93	44.50	1534.64	5.00
wourt	12852.75	350.40	3749.55	35.50	1159.34	5.33
wouse	14001.75	388.40	4677.16	47.50	1425.21	7.67
wouss	12875.32	587.00	3842.06	36.50	1175.00	4.00
woust	12445.35	341.40	4158.20	41.25	1200.07	4.67
woute	13566.18	417.00	3998.57	39.75	1151.44	6.33
wouth	10932.34	344.40	3990.52	40.00	1306.20	6.00
wouts	12439.75	615.60	3826.11	78.00	1131.53	8.00
wowdy	8232.32	336.60	1572.48	28.00	2.08	2.33
wowed	12825.79	463.00	2325.10	86.75	188.61	13.33
wowee	14329.66	498.40	1794.58	29.75	178.56	7.33
wower	12672.34	442.60	3462.86	72.50	352.81	11.67
wowes	13203.23	697.00	2530.97	109.25	178.56	7.33
wrein	9798.68	267.40	1691.97	27.75	19.51	2.00
wrere	13143.39	346.00	3015.88	39.75	1425.92	2.00
wrery	10289.27	340.20	2179.50	39.75	189.60	3.67
wrood	9273.65	311.80	864.55	37.25	261.13	6.00
wruld	11138.51	304.40	3073.47	22.50	1624.17	1.67
wrull	9597.10	269.00	1993.53	26.75	19.89	1.33
yarck	5963.27	307.60	849.62	42.75	41.29	2.00
yeads	7902.31	562.20	1746.99	56.00	448.63	7.67
yeage	8806.34	361.80	1484.11	42.50	376.59	2.67
yeara	6617.57	297.20	1894.07	48.00	847.08	8.33
yeare	10487.96	382.00	3036.75	55.00	935.36	11.00
yeass	8954.13	571.60	1698.87	44.25	591.38	6.00
yeeir	8942.21	277.60	1963.01	18.75	982.44	0.33
yeerd	9691.89	305.00	1852.40	30.00	4.30	3.00
yeild	10233.22	334.40	2667.51	24.00	171.48	1.33
yeira	7330.37	276.40	580.32	20.50	3.53	1.33
yeler	8754.15	416.60	2309.92	76.50	5.41	4.00
yeved	9030.84	395.80	1943.72	85.00	575.95	7.33
yoach	9343.21	335.00	1703.11	40.00	93.40	3.67
yocat	7772.58	293.60	499.40	17.75	84.24	2.00
yodle	11006.82	350.80	702.27	22.50	1.01	1.67
yomay	6766.09	339.40	690.86	18.75	129.67	1.67
yoout	9437.12	318.40	1660.12	34.25	798.91	3.33
yorst	9657.98	337.00	1675.67	39.50	519.19	5.00
yoter	11146.88	437.20	2931.24	75.50	847.49	11.00
yould	11065.87	339.60	5037.61	29.00	3410.74	4.33
youll	9524.46	304.20	3957.67	33.25	1806.46	4.00
youse	11626.03	357.40	3493.77	44.00	630.50	8.00
youst	10069.63	310.40	2974.82	37.75	405.36	5.00
