STRING	N1_F	N1_C	N2_F	N2_C	N3_F	N3_C
aberol	3304.23	301.17	225.28	22.20	6.69	0.75
abjeal	3102.37	293.00	450.11	33.40	47.67	3.50
abjeng	4204.84	327.50	1099.63	74.80	19.75	1.00
abjoue	4469.42	309.50	231.81	22.40	0.91	0.75
abrded	8751.37	836.83	2197.95	233.60	206.51	20.75
absist	5038.17	418.50	546.50	55.20	71.73	7.75
acared	8649.09	850.67	2305.81	232.00	177.63	20.00
accars	5131.73	617.00	608.46	66.00	50.35	7.75
accays	4397.63	555.83	580.68	25.00	213.09	6.75
accely	5703.48	448.83	1281.63	67.40	273.92	12.75
accong	4855.97	341.50	1403.17	75.40	181.14	4.25
achime	5539.05	397.67	537.84	14.80	8.08	1.25
achnal	3090.71	272.50	564.96	30.60	12.12	2.25
achome	4839.07	309.50	639.38	16.40	222.35	1.75
achoue	4870.42	327.17	525.48	24.00	96.76	1.25
aconls	6699.86	676.33	322.77	44.20	0.64	0.75
acrety	5282.51	485.67	696.56	47.80	105.38	4.75
acrong	5574.88	412.50	1426.90	83.80	240.41	5.00
actame	5454.74	388.67	584.18	24.80	172.54	3.50
actary	4951.80	408.50	483.88	41.20	104.99	8.00
acthed	8843.26	773.00	2888.68	222.20	564.85	14.50
acttly	6171.74	454.00	1733.54	72.20	466.74	10.00
acyice	5875.35	417.33	798.32	29.40	193.41	4.00
acyied	9088.63	841.83	2295.15	217.80	35.70	4.00
advaty	3479.18	352.50	286.65	37.60	28.57	1.75
affeer	7789.52	738.67	1786.89	142.00	101.14	3.25
affend	6204.87	473.33	949.16	32.60	174.97	6.50
affere	5722.67	403.50	985.96	57.00	107.24	5.50
affing	5206.93	388.00	1936.42	130.80	1034.27	68.75
afrear	5469.72	491.67	537.97	33.00	148.98	4.25
agawed	7998.77	786.50	1915.00	197.40	49.13	7.50
agntly	5547.95	464.17	1257.09	62.00	90.79	5.75
alaken	7341.46	766.50	1109.41	99.60	67.93	10.50
alanch	4203.07	367.33	851.33	63.80	188.15	12.50
alanda	3540.57	358.17	692.08	52.60	58.72	7.75
alangh	4140.42	354.17	1019.77	52.60	111.62	7.00
alaret	7834.40	796.50	985.43	89.80	111.71	12.00
alater	8649.50	873.67	2500.12	219.00	449.13	34.50
alaton	4995.32	455.50	963.56	68.00	34.89	6.50
aleech	4325.22	365.00	645.39	46.40	49.71	5.25
almers	5981.37	686.83	899.44	88.60	336.95	36.25
almmed	8413.98	808.83	2403.42	220.80	315.37	18.00
alopet	8102.56	750.00	1058.41	79.80	33.26	6.75
aloued	9669.97	848.33	2852.63	219.60	36.81	4.25
alougs	5993.70	607.67	1380.40	37.20	302.21	4.25
aloung	5717.23	400.67	1984.24	88.00	223.92	4.25
alozed	8753.74	815.50	2195.91	214.40	20.54	4.00
alurse	5270.50	426.83	811.11	38.80	310.76	4.00
alweal	3777.79	365.17	787.80	37.60	190.73	2.75
alweed	8833.00	847.33	2341.36	203.40	249.39	1.75
alwing	5411.73	443.67	2065.17	132.00	1102.16	69.00
amough	4169.64	250.67	1171.52	17.60	636.78	4.00
ampele	6307.86	467.83	1281.05	80.40	1.31	2.75
ampond	5841.35	458.67	731.76	29.20	131.03	2.00
ampplm	3526.57	281.83	537.58	25.60	24.42	2.25
ancity	5395.71	486.17	495.52	43.20	17.09	7.00
anckey	7317.12	726.00	786.10	78.80	144.58	19.75
aniffs	4101.01	562.17	257.13	23.80	37.32	7.50
anleps	5258.08	644.17	345.05	32.00	33.03	3.00
anller	7838.89	792.83	2123.33	196.40	270.39	23.75
anough	4634.83	282.83	1349.03	23.20	702.92	4.25
anougy	5245.49	362.83	1158.86	25.20	414.34	3.00
anssed	8578.20	832.33	2394.36	248.40	305.63	25.75
anstle	7148.18	515.83	1570.25	89.00	405.00	12.50
anthen	7710.84	689.00	1280.32	66.20	410.20	8.50
anywty	3378.66	311.00	408.39	23.20	111.74	1.00
aprnal	4137.61	389.67	482.37	37.00	11.63	3.00
ararse	5988.61	519.67	824.38	70.00	167.00	3.50
ardeve	5497.63	455.67	363.02	24.00	18.73	2.00
areele	7442.98	583.83	1508.70	104.20	38.27	7.00
aremes	8295.92	1024.50	1226.60	163.40	127.79	5.75
arenes	8756.52	1055.50	1372.40	177.80	111.21	10.25
areome	5848.81	453.83	642.88	35.20	126.09	1.75
arghid	5087.32	461.67	393.01	22.60	16.93	1.00
ariese	6415.69	541.17	788.66	69.20	74.78	5.50
ariman	4063.39	427.17	590.63	63.60	83.44	11.00
arinen	7801.99	803.17	1138.52	107.00	70.54	11.50
aroong	6088.50	459.67	1526.45	107.80	198.44	6.50
arople	7363.46	531.50	1969.61	91.00	891.69	7.75
arotes	9710.74	1093.50	1762.90	212.20	222.98	15.25
arouch	4968.40	349.17	1258.59	56.80	355.19	6.00
aryind	7236.85	604.17	1642.07	90.40	311.99	7.50
asctly	5462.68	426.67	1135.94	60.00	70.48	5.25
aslind	6950.99	576.33	1538.14	96.00	109.96	6.50
aspong	4335.57	326.33	1112.61	75.20	61.59	2.50
asrmal	3626.74	345.33	585.46	42.60	137.07	3.75
assind	7039.97	574.17	1579.59	95.20	148.08	9.50
asstly	5558.22	449.50	1294.38	76.60	122.26	10.75
aurnad	6540.80	612.00	466.61	36.00	95.08	2.25
avengh	3311.28	255.50	609.23	22.80	35.35	2.50
badelt	7000.99	636.33	592.07	56.00	18.80	2.00
banson	5470.40	576.50	876.69	81.80	169.20	9.25
barnde	7389.00	657.50	704.80	75.80	44.78	8.25
basese	7454.65	665.50	735.94	78.60	18.13	6.25
bavile	8666.00	718.00	1388.04	97.00	110.36	7.75
bearle	8583.49	675.50	2057.57	112.00	163.16	12.00
beason	6058.94	552.67	1594.19	78.20	337.65	11.50
beatth	6222.86	562.00	1267.29	60.80	52.81	6.50
becake	6860.57	552.17	1075.89	42.40	263.42	4.50
becars	7191.47	795.17	1333.78	88.40	266.62	9.00
becase	7265.30	574.67	1311.14	54.40	301.96	5.50
bechet	9219.39	833.17	1648.06	82.80	191.03	8.25
becimt	6900.75	558.50	1070.87	36.80	186.60	1.50
becing	7615.69	607.83	2730.04	154.60	1135.89	67.25
beckal	5168.21	466.17	1347.20	68.80	178.94	3.50
becker	9384.73	895.33	2854.09	215.00	343.20	35.50
becors	7562.57	776.17	1713.43	86.20	418.32	9.00
befeed	10797.66	984.50	2871.43	220.40	349.06	4.25
befers	7491.78	793.33	1400.35	104.00	479.68	38.50
beflit	5693.54	488.17	991.04	40.60	250.15	2.75
begags	6443.49	731.33	866.31	36.80	35.62	4.00
begher	9118.60	864.17	2568.10	173.60	502.45	10.75
behong	6497.06	479.17	1775.25	87.00	146.89	4.25
behorn	6110.00	467.67	1212.16	39.00	99.86	5.50
belled	10436.67	996.50	3116.17	281.80	584.49	43.25
bemays	6466.59	734.50	1103.80	43.20	243.33	6.75
bemble	7897.16	584.17	1730.92	95.20	109.73	14.75
benked	10390.74	993.00	3036.71	276.40	392.76	33.50
beosef	8829.33	823.17	1253.62	61.40	61.32	3.50
beosom	5783.80	478.17	1116.79	31.40	0.49	0.75
beouct	7098.95	500.00	1688.80	35.40	1.16	1.75
bepers	7351.61	812.83	1249.24	109.40	261.52	40.25
bepire	8283.41	659.83	1229.29	51.80	65.38	5.00
berent	8217.05	665.83	1550.96	79.00	270.80	13.75
berket	9826.85	921.00	1605.14	110.20	194.42	12.75
berved	10707.14	999.17	2822.48	251.20	112.37	13.00
besely	7858.75	649.83	1879.90	92.40	363.28	14.00
besias	7986.82	889.83	1069.07	63.00	94.64	4.75
besing	7711.22	630.67	2603.77	161.20	1057.90	72.25
besmen	8826.16	853.67	1197.48	77.60	27.55	7.75
bether	10064.31	898.17	3031.16	187.00	986.61	18.50
betice	8923.28	650.67	1518.39	66.60	330.26	8.75
betint	8597.74	658.50	2104.88	125.60	160.73	11.75
bewere	7686.40	593.17	1364.29	74.00	35.12	6.50
blarsm	3651.49	392.83	489.86	51.80	27.60	6.75
blleng	5325.81	483.83	1157.19	85.60	23.44	1.25
blmord	6205.97	515.17	743.78	32.40	182.24	2.75
bofore	7221.80	560.17	1218.64	46.40	561.72	3.50
bohong	5995.25	487.17	1216.08	86.40	51.48	1.75
bothts	6735.63	768.67	1023.97	88.80	220.51	4.75
botins	8812.28	921.33	1474.14	135.80	177.50	16.75
boupon	5184.03	489.00	890.62	64.40	61.32	5.00
bovidy	6078.54	575.67	612.79	43.40	86.73	3.25
breare	6117.13	552.83	926.28	69.80	141.18	12.00
briner	8390.34	890.67	2202.62	212.80	206.11	21.75
broust	5585.99	444.33	1346.07	72.40	285.88	9.75
bubbld	5939.40	549.67	460.99	48.60	22.99	7.25
budied	9689.85	990.33	2182.42	243.40	77.49	8.50
bundal	3891.21	460.33	660.07	70.20	62.38	7.50
burine	8334.77	709.33	1604.38	137.40	330.05	21.50
buttle	7849.44	605.00	1798.43	104.20	669.95	17.75
butugh	4770.65	357.33	781.16	35.60	365.76	3.50
bystet	7700.81	765.00	1214.41	102.20	265.64	15.25
cacour	6134.06	595.00	815.99	58.20	132.36	7.25
caiele	8635.71	758.67	1574.65	111.00	4.00	2.00
calver	8781.25	961.83	2088.34	206.20	189.23	17.25
caming	7250.06	670.00	2241.97	173.80	1104.68	73.75
cample	7825.04	653.67	1759.03	107.00	545.70	13.50
caprot	5469.16	561.33	461.15	50.20	2.44	1.75
cardre	7748.05	700.67	1157.10	83.80	111.58	9.25
carece	8167.73	719.67	1295.73	96.60	119.63	10.50
caridy	7255.69	727.33	1032.25	98.80	68.54	12.75
carily	8638.74	803.67	1694.44	137.40	192.52	19.75
carsow	5437.66	565.83	927.30	86.00	94.73	9.25
casked	9944.10	1032.83	2696.22	280.80	406.05	31.75
casost	6240.41	582.33	872.38	78.40	138.93	4.50
cating	7808.97	689.17	2535.02	183.40	1031.19	78.75
catted	11130.36	1078.33	3606.00	308.40	672.33	54.75
caured	9886.63	1034.17	2536.87	253.00	168.26	14.75
causie	6349.03	630.67	499.60	57.80	110.21	3.75
cearom	5660.85	528.17	713.76	56.80	103.61	7.75
cecain	5753.44	535.67	685.00	41.40	141.64	5.00
ceming	7695.87	627.17	1985.81	141.80	1010.16	71.00
ceoked	10955.34	1004.67	2717.62	238.40	559.86	30.50
ceouge	8223.93	563.50	1360.58	25.60	292.32	1.75
ceseks	7166.34	816.00	435.68	45.80	22.01	2.75
cesiam	6397.78	592.33	487.89	36.40	70.37	2.25
ceviad	8030.10	702.33	500.31	30.60	20.73	3.50
chinkh	3899.03	370.17	675.28	58.00	180.47	12.50
chired	9069.32	907.33	2432.67	244.60	131.60	20.50
chodon	5049.24	425.83	1180.55	59.00	140.54	5.75
choont	6562.21	491.50	1164.44	63.80	82.78	6.50
choply	6274.85	501.17	2052.89	77.60	485.45	6.25
chough	4965.53	336.83	1789.15	41.80	1042.00	7.50
chougy	5576.19	416.83	1598.97	43.80	753.42	6.25
chouly	6726.79	501.17	2231.51	79.20	706.12	6.00
choupt	5257.83	389.17	1405.56	42.00	509.27	6.50
chourd	7093.79	538.00	1598.40	51.60	472.27	6.50
chrace	6574.57	536.17	731.55	56.80	38.46	4.25
churgh	3798.10	327.00	783.82	32.00	83.23	3.50
cieosh	4857.01	449.50	311.00	23.20	0.36	0.75
citpes	9445.11	1102.83	1154.55	155.40	25.75	5.25
claled	9046.14	949.00	2497.80	269.20	299.38	30.75
clarge	5738.87	505.00	634.23	62.80	83.88	7.25
cleayr	4343.34	461.50	393.06	41.00	44.83	6.25
clirty	4390.08	499.17	396.19	53.20	61.80	6.75
cllked	8535.96	887.17	2387.77	245.60	438.19	27.00
clople	7157.62	542.83	1721.72	85.40	804.65	11.00
clwads	4449.57	637.33	543.48	41.40	166.15	3.75
clwady	3701.51	409.17	466.24	27.60	173.00	1.00
clwiow	4281.24	412.17	476.68	30.80	0.00	0.00
coctle	8380.88	670.50	1729.59	103.80	370.88	10.25
codund	7565.61	646.50	1081.52	59.00	179.18	4.00
colled	10005.81	1023.33	2958.17	296.60	603.49	43.00
conace	7020.52	633.33	970.34	74.00	27.72	8.50
conder	9207.31	974.67	2437.06	225.60	298.80	34.50
connct	6030.80	562.50	986.85	74.20	14.50	5.75
coouge	7722.12	571.50	1577.59	74.20	305.78	4.00
corico	6474.34	605.33	1175.23	91.00	84.21	9.00
corind	9433.14	835.00	2237.19	154.40	281.06	15.75
cormes	10052.61	1196.67	1590.25	197.20	177.29	15.50
cothed	10472.14	978.00	3232.28	261.60	600.43	15.00
couath	4904.92	521.83	955.93	72.40	220.32	4.25
couged	9642.51	988.17	2817.63	275.80	291.43	24.75
cougia	4135.48	474.50	853.01	66.20	247.64	7.00
counto	4622.07	496.50	963.76	75.60	319.97	11.00
courks	5793.51	762.17	1050.40	83.40	409.09	9.00
courod	6770.82	639.67	1048.11	68.60	403.73	7.50
courve	6127.62	547.83	1014.76	67.80	405.86	7.75
covint	7267.48	638.67	1829.30	128.40	320.37	9.50
crened	9220.58	946.83	2450.17	258.80	332.67	25.00
crewle	6442.38	536.00	1078.37	87.60	31.37	5.75
crings	5623.71	721.83	843.89	74.80	372.28	15.75
crinte	6034.77	575.00	715.63	84.40	83.60	10.75
cropld	7427.18	619.83	1264.95	55.00	354.23	6.50
croplf	5353.78	445.33	1182.07	53.00	354.23	6.50
crosed	9479.48	948.00	2491.81	268.20	243.53	21.00
danist	6479.78	650.17	746.12	93.20	126.73	14.00
darmed	9975.35	1032.83	2483.19	261.00	239.86	20.00
darung	6626.86	587.67	1369.71	111.40	15.17	3.50
datelf	6497.90	563.33	926.94	58.60	171.68	5.50
deadur	5798.61	562.50	796.00	64.00	49.30	5.25
deased	10090.37	1000.50	2763.27	282.80	282.62	24.00
deches	9474.28	1064.67	1616.07	179.00	94.89	19.75
deculy	7032.76	537.00	1469.14	81.60	49.02	4.75
deebes	9172.23	1093.33	1124.07	164.40	30.50	3.50
defave	6093.59	484.50	537.30	42.00	28.14	5.75
defont	6628.88	500.33	1116.89	58.60	278.83	5.25
dehoss	6355.99	688.83	652.04	39.80	71.63	1.50
deinds	6353.06	756.17	703.89	75.40	112.35	9.00
demmer	8872.79	866.50	1963.74	187.60	136.58	13.75
dendly	6741.67	593.00	1349.78	111.00	114.30	13.00
derded	10567.00	1003.83	2579.36	272.60	194.73	21.00
derked	10480.88	996.00	2740.86	279.20	480.14	32.00
desuty	5988.41	525.67	631.06	62.40	110.64	3.00
detiry	7621.18	632.50	763.95	71.80	45.39	4.75
deymau	3817.18	362.83	365.06	37.20	1.44	0.25
diebes	8061.38	1056.33	842.95	144.40	7.26	2.50
dighed	8385.00	856.83	2544.47	234.20	223.53	12.00
dikity	5094.27	534.83	432.68	48.80	17.57	7.50
dinier	9324.77	986.83	1894.15	201.40	90.25	21.75
dinted	9532.11	981.33	2916.04	291.60	441.41	40.50
disuls	6765.51	751.00	630.16	63.40	64.70	5.50
divame	5042.77	459.83	438.01	29.20	91.86	4.25
dofiet	9250.39	914.83	610.90	66.80	38.22	1.00
doille	7440.45	641.67	1155.85	87.20	30.46	7.25
doldgh	4317.85	417.00	534.77	37.40	29.55	3.75
dorder	9226.49	958.83	2051.25	202.60	203.38	23.75
doviot	6098.61	555.17	609.11	37.40	80.57	2.00
draung	5169.60	469.00	1168.88	96.80	14.66	5.00
drends	4779.45	672.00	584.25	63.20	166.68	12.50
drgier	8396.51	896.33	1674.79	164.80	18.84	14.75
dringh	3732.60	371.50	925.74	63.20	225.45	10.00
droped	9021.32	890.50	2566.51	252.60	113.47	26.25
drrect	5470.25	508.33	600.97	37.00	169.50	4.75
drurgs	4629.55	640.00	474.10	32.20	0.92	1.00
dubing	5206.91	510.00	1883.53	139.20	937.07	69.25
dufong	4684.53	411.00	1348.45	76.80	51.54	2.00
duming	5633.04	526.67	2022.31	146.60	1003.95	70.75
dusule	6746.26	532.67	1289.90	73.80	47.50	2.00
eapart	5232.21	526.50	292.41	35.60	5.34	2.75
earrsy	5873.81	587.00	573.02	54.60	34.61	6.50
eatere	7836.12	636.67	1204.53	79.20	73.52	10.00
efffer	6233.49	632.00	1610.74	147.80	128.01	12.50
efffut	2435.86	205.67	248.23	20.60	62.32	2.00
effons	5213.56	565.50	717.66	42.60	130.96	9.75
effour	3676.50	293.33	673.41	20.80	229.88	7.50
effuas	4258.39	516.33	283.44	24.40	62.32	2.25
eiltht	4734.69	440.33	386.29	33.40	9.25	2.50
einnce	6049.86	507.33	765.84	56.80	118.79	7.50
eistht	4823.66	438.17	616.18	47.80	51.70	3.25
eivats	4972.03	682.67	463.28	68.00	5.76	4.50
eminet	6959.82	710.83	796.11	77.60	44.78	11.00
emofid	4535.84	401.50	122.81	17.40	9.24	0.75
emoker	7397.76	729.83	2001.31	179.40	234.24	22.50
emurgh	2578.55	220.67	525.13	15.20	0.00	0.00
enater	8225.70	836.83	2322.51	205.20	449.77	33.50
enddgh	2743.65	229.67	596.17	28.80	7.02	1.50
endere	5600.53	445.67	1089.30	66.40	138.32	6.00
endist	4688.82	408.33	664.95	62.80	71.17	10.75
eniver	7065.74	743.17	1841.87	168.40	74.60	12.00
enkich	3925.10	307.33	682.91	38.80	1.52	1.25
enstes	8450.73	1005.50	1760.22	202.80	283.27	24.00
enswle	5758.88	414.50	1162.64	64.00	51.83	1.50
envilt	5812.38	446.50	630.77	35.40	8.94	3.00
envine	6632.26	498.83	1420.71	97.80	269.59	12.00
enytly	5060.53	406.17	1261.85	58.20	67.88	4.75
erince	5598.12	470.00	857.10	66.80	127.98	8.75
eurnal	4339.94	454.67	725.74	51.60	142.86	4.25
eveays	3755.68	544.83	427.62	28.80	190.58	5.25
eveple	5488.98	402.33	1279.87	59.00	449.05	5.50
eveted	8235.39	807.83	2518.69	249.60	290.90	31.50
excort	4197.11	311.17	768.67	31.40	134.23	6.00
exenke	4357.94	352.17	320.93	27.00	1.23	0.75
expere	5102.82	405.67	944.02	64.40	131.66	8.75
expome	4288.85	310.50	479.82	19.60	178.30	3.50
expong	3887.11	302.00	1181.95	76.60	103.96	4.50
expoue	4320.21	328.17	365.92	27.20	53.47	3.00
expply	4013.67	342.67	1290.85	64.20	163.35	5.75
extiss	5855.07	650.33	505.76	45.00	35.49	2.75
extted	8856.09	806.50	3053.70	268.20	569.33	47.50
fabors	6460.64	773.83	1010.54	76.80	96.60	9.00
facerd	7445.18	677.67	763.86	69.80	27.71	3.50
facids	6974.65	836.67	672.51	52.00	71.85	8.25
facind	8460.05	751.00	1759.93	103.20	158.27	8.00
faffic	3507.99	389.17	445.30	40.40	3.79	4.25
faimed	9577.60	995.00	2376.93	235.80	199.60	16.50
falose	6957.94	594.50	925.28	59.40	42.49	6.00
famech	5388.81	490.17	737.34	49.40	139.54	4.25
famicy	6530.94	614.17	797.54	47.80	234.12	4.75
fanger	8854.25	959.50	2248.93	213.40	287.81	26.75
fanthy	5707.17	586.67	841.06	67.00	158.34	8.25
fapets	6306.89	827.33	675.24	85.60	38.22	9.75
farase	7299.18	659.50	927.65	79.80	71.60	6.00
farnds	6749.43	825.50	904.79	79.20	124.16	10.00
farved	10022.10	1013.00	2572.32	262.20	105.11	12.50
fathen	8784.89	853.50	1732.38	86.20	708.75	11.75
fatuls	8125.36	822.00	1099.43	66.60	141.37	3.00
faunoo	4574.51	470.83	486.20	37.20	8.91	4.50
fauper	8654.99	913.00	1858.03	176.80	54.11	12.25
fausth	4395.16	482.67	560.49	42.00	48.61	4.00
favidy	5895.32	581.50	752.61	39.00	122.17	4.50
fayide	6954.93	604.17	606.41	31.20	152.90	3.50
feftly	7184.81	556.50	1296.18	66.20	75.82	6.00
fehore	7305.04	509.67	1017.66	36.40	258.70	3.50
felupt	5792.58	444.33	270.31	29.80	18.93	2.25
feolef	8778.44	805.50	697.92	58.40	10.08	3.00
filang	5201.08	497.67	1127.47	102.20	52.86	4.50
fimeng	5743.37	498.33	1337.37	94.40	83.27	2.50
finght	4347.42	437.17	751.30	62.60	263.02	14.25
fingor	5129.41	520.00	582.46	63.40	90.56	10.00
finyen	7262.08	776.17	611.95	66.80	29.94	3.00
firker	8753.56	900.33	2072.34	196.00	163.31	23.00
fiturt	5963.78	452.50	890.55	39.40	156.67	2.75
fivicy	5525.39	506.83	744.05	39.00	165.75	4.00
fiving	5934.33	514.83	2144.73	147.40	1263.73	71.75
fladle	6490.05	532.50	1171.81	98.00	91.71	16.00
flarde	5196.23	465.17	482.95	61.00	31.06	9.00
focaic	4284.03	442.67	620.74	46.80	4.24	1.75
foceas	6618.78	802.00	533.61	47.00	0.00	0.00
fokele	7682.34	595.50	1333.83	80.40	47.10	1.50
foldlf	5375.11	472.83	613.41	43.80	63.85	5.25
fomerk	5246.76	472.33	679.73	64.80	90.73	3.75
fondal	4680.60	497.67	914.93	67.00	140.76	7.50
formar	6024.87	594.33	710.72	59.00	293.22	10.00
forord	7939.58	669.67	1073.99	62.80	199.98	8.75
fotter	9925.49	942.67	2865.55	222.80	693.55	44.50
fottum	5184.20	454.83	904.80	49.40	60.95	5.25
founte	6480.74	572.17	819.50	63.20	137.21	9.75
fourge	6244.50	513.83	964.79	50.60	266.74	7.00
fourse	6288.40	539.83	1082.88	53.60	529.46	8.50
fousie	5982.84	548.00	651.89	49.40	69.40	6.25
fracot	4438.75	445.67	396.69	52.00	49.07	6.50
franat	4807.43	496.17	514.73	63.20	93.18	8.00
frasen	7385.30	814.83	866.39	109.00	66.68	11.00
frated	9513.70	963.17	2811.30	290.80	386.75	43.25
frcars	5458.02	697.67	530.29	72.00	7.39	6.25
freams	4832.11	669.83	490.91	56.20	141.86	12.75
frevit	3777.07	397.50	361.36	42.20	47.15	3.00
frgrgs	4611.48	612.67	376.82	19.00	0.00	0.00
fridop	3443.52	369.50	508.34	47.80	90.65	5.75
frison	4114.39	430.33	921.42	69.80	281.16	12.25
frited	9302.59	938.33	2893.76	285.80	444.87	40.75
friten	7869.51	826.83	1352.78	125.00	213.56	15.25
froked	9150.95	888.33	2818.74	268.60	594.73	34.25
frtier	9564.43	924.67	1891.49	174.40	47.09	15.25
fulend	6850.52	630.83	823.78	45.60	110.63	5.75
fumike	6171.22	534.50	370.56	30.20	32.23	1.75
furing	6564.94	591.50	2294.60	171.20	1199.89	76.50
futher	8294.65	810.83	2350.37	173.00	911.43	16.00
futted	9735.55	929.33	3077.35	277.20	610.74	50.75
gammed	9132.01	948.83	2250.54	243.40	205.76	22.75
ganlly	6282.77	637.67	1146.77	91.20	134.13	4.50
gapece	6403.28	585.50	618.08	48.80	66.65	3.25
gecled	9835.00	934.67	2505.32	245.00	279.08	23.50
gelked	9634.87	936.50	2473.73	251.20	438.30	27.75
geoung	6881.07	497.83	1948.90	71.80	231.61	2.00
gerker	9508.53	929.50	2152.96	197.80	177.33	22.50
geving	6689.31	544.00	2046.37	142.00	1183.44	71.75
ghalts	4980.15	692.33	629.87	75.00	65.00	5.75
ghokem	6730.80	673.67	1106.95	64.40	194.81	7.50
gigams	4462.48	656.00	302.83	33.20	11.45	3.25
giviol	4694.19	457.83	607.69	27.80	130.36	3.00
golker	8294.37	891.50	2066.58	193.20	120.68	19.00
gonday	4954.74	555.33	550.78	50.20	178.27	7.75
gotele	8382.84	649.00	1411.60	94.80	23.96	3.75
greagh	3392.57	355.33	676.35	53.00	89.82	9.00
greays	4387.59	651.83	686.15	58.20	258.88	13.50
greced	7967.64	855.33	2269.76	235.80	90.43	9.75
grices	7647.90	1027.50	1194.48	173.20	186.44	16.50
griled	8439.73	905.00	2574.64	279.80	357.69	35.00
grings	4957.65	666.17	914.74	72.40	357.21	16.25
grinte	5368.71	519.33	786.47	82.00	68.54	11.25
griter	8108.02	877.50	2471.28	230.00	479.17	34.75
grrely	6392.81	592.67	1413.95	86.80	267.26	11.25
grtala	4724.38	432.17	283.91	38.60	4.24	1.50
grugly	4710.31	471.50	958.95	73.60	7.12	3.75
grywer	6623.37	722.00	1656.75	148.80	60.28	2.75
gummin	3232.53	378.17	383.17	40.40	45.44	4.75
gunurm	3843.86	386.83	340.86	34.00	11.91	2.25
gupely	5258.21	524.33	1154.18	74.40	193.32	11.25
gurind	7738.46	713.00	1906.53	126.80	354.22	13.00
guteme	5928.56	496.83	411.23	34.20	18.26	2.00
habaid	5718.70	608.33	416.01	39.20	35.22	2.00
hafost	5300.48	467.00	853.36	44.60	123.21	1.25
haking	6147.50	562.33	2072.25	142.40	1212.89	72.50
hanain	4869.85	557.67	702.86	70.00	94.47	6.50
hanngh	4776.67	465.33	994.87	63.00	118.70	6.00
hanugh	4920.32	436.83	958.61	49.80	321.95	3.75
happed	8956.58	933.50	2223.08	248.80	195.08	34.00
hasend	7729.20	712.17	1138.24	64.20	89.21	6.50
hatted	10525.26	1012.83	3480.41	292.20	670.35	54.00
haurth	4257.25	470.00	625.08	41.00	33.29	3.25
hayore	6562.89	539.83	1115.63	43.20	256.24	2.75
heaint	7805.52	655.83	1640.26	123.20	88.03	9.00
hefong	6142.26	446.00	1577.09	84.80	308.41	3.00
hehome	6364.66	441.00	549.30	23.60	126.72	1.50
hehong	5962.92	432.50	1251.43	80.60	52.25	2.25
henned	10257.47	971.33	2443.03	257.60	296.07	29.25
herees	10822.59	1192.33	1345.76	164.80	167.38	13.25
herere	8316.19	647.67	1274.43	92.20	61.84	9.00
herkes	10009.04	1129.17	1451.08	192.00	134.17	15.75
herped	10500.77	969.17	2238.93	247.40	91.26	23.00
hetted	10971.07	970.00	3234.31	284.80	696.33	50.75
hicaly	5578.61	518.17	943.48	69.20	9.44	2.50
hinded	8831.86	917.17	2511.93	266.60	237.39	31.25
hithid	5876.22	509.50	950.58	31.80	226.15	3.50
hollin	4585.85	488.33	753.99	69.00	58.06	8.75
holome	6288.06	514.50	618.03	43.80	155.95	4.50
horang	6227.55	571.00	1303.24	117.20	40.04	5.75
hullds	4463.36	658.83	504.18	58.80	56.65	7.50
hurelt	6449.27	566.33	954.37	62.40	114.82	5.50
hurnde	5770.23	509.67	630.41	46.40	105.42	3.00
huzant	4279.97	423.67	338.07	35.20	11.81	4.25
imesow	2224.23	236.67	287.64	22.40	0.00	0.00
imoply	4814.32	378.17	1423.80	53.20	421.92	2.00
ineple	5786.48	427.17	1465.54	73.00	427.53	4.75
iniore	5638.13	430.50	1113.65	46.20	278.25	2.50
inlven	6138.00	654.17	676.46	71.60	67.66	8.50
inshet	6891.20	668.50	1034.39	80.80	140.61	18.00
inster	7770.20	779.33	2478.89	221.20	616.23	41.75
intaic	3169.49	295.83	498.35	49.80	49.96	5.50
inyoas	4347.52	555.83	366.14	35.00	46.78	0.50
iskich	3242.56	255.50	540.67	29.20	20.38	0.75
itrked	8407.50	815.00	2541.96	241.60	477.52	30.25
itrmer	7509.09	756.00	1885.31	160.80	122.03	8.75
itrmot	4172.49	351.00	444.45	21.60	1.74	1.00
jasted	9740.04	991.00	2809.05	286.80	522.61	51.00
javome	5693.60	472.33	436.66	21.40	142.62	1.75
jeedal	4427.09	425.50	568.28	41.80	46.20	3.00
jocing	6267.11	544.17	1967.13	139.40	1053.29	67.00
jondle	7002.93	583.83	1361.06	95.40	199.94	15.25
jontir	5535.35	567.00	519.96	43.00	58.97	1.75
jotety	5842.89	548.83	478.04	52.00	32.32	4.50
jothed	9554.42	887.50	2873.20	233.60	593.56	15.00
jothes	9155.28	1044.00	1705.50	160.80	565.88	17.50
jublld	5509.47	512.50	532.97	27.80	88.26	0.50
juther	7687.11	768.17	2326.36	172.60	861.59	15.50
kerion	6916.88	578.17	989.03	71.00	221.27	9.50
kinays	4636.25	664.50	532.44	49.60	177.94	6.75
kinden	7055.35	775.17	948.37	106.40	215.39	21.00
kinnds	4894.45	671.17	569.79	68.00	138.01	10.75
kitter	8678.09	849.50	2894.89	214.80	899.77	44.00
kittic	4044.52	379.83	1042.04	54.60	286.62	8.75
lardge	7156.50	592.17	726.37	74.00	113.76	8.00
larklf	6146.38	534.67	682.19	65.80	78.89	6.00
laswer	8632.28	888.33	1762.51	170.00	109.69	5.00
latups	6713.73	725.50	758.34	56.60	122.70	5.50
learon	6065.76	517.50	1116.64	81.80	168.05	12.00
leayed	10037.78	932.50	2426.03	229.20	179.09	11.00
lecele	8761.43	618.00	1651.67	93.40	35.55	2.75
leeest	6557.60	525.00	729.46	70.80	91.37	15.50
leldon	5673.03	469.83	757.87	57.40	94.49	2.75
lemern	6556.19	512.67	659.31	65.00	57.96	4.75
leople	8701.45	588.83	1909.94	69.80	1072.83	5.25
lepple	7661.00	543.83	1472.84	83.80	440.31	6.75
lersor	6911.99	578.33	634.49	51.40	116.68	4.00
licarn	4896.49	450.00	664.36	45.20	2.26	2.75
liddat	4306.87	428.83	589.97	40.80	58.90	4.00
ligher	7857.57	787.00	2392.92	173.20	619.53	13.50
limism	5024.25	447.83	686.84	51.60	29.84	10.25
limmer	8073.20	812.67	2073.22	174.60	121.78	14.25
linded	9215.82	923.67	2804.08	274.20	244.53	32.50
linder	8377.13	870.67	2365.98	213.80	237.20	33.00
lippur	4315.96	426.17	563.98	39.00	13.74	5.75
lisece	6658.17	532.67	1052.14	50.80	38.19	3.75
lisugh	4567.45	341.67	1055.22	34.60	319.13	3.00
litaes	9405.30	1085.33	1412.93	144.00	248.32	2.25
lithed	9641.96	874.00	3358.85	238.40	865.69	16.75
lithet	8526.48	775.67	1821.39	77.40	803.23	10.25
litind	8452.19	679.67	2204.96	111.80	397.86	11.00
littes	9845.04	1096.00	2480.03	209.40	865.71	28.75
littly	6970.44	555.00	2203.71	88.40	884.64	13.25
lituge	6799.10	449.67	1250.95	39.20	258.78	2.00
livind	7552.77	633.00	2009.93	102.40	481.24	9.75
locigs	7240.15	782.67	703.57	33.80	119.43	3.25
locken	8138.34	804.67	1248.71	106.40	227.54	27.75
loctrs	6979.21	773.67	759.89	68.00	50.12	2.50
lofore	7071.61	520.00	1382.30	40.60	561.78	3.50
lollem	7725.53	804.50	1133.68	93.60	294.12	19.50
lolply	6396.83	553.17	1579.29	71.20	93.11	2.25
lomerd	7487.45	632.17	877.53	70.00	90.73	3.50
lomied	10925.66	1023.83	2594.51	242.00	93.30	7.50
loming	6972.92	576.17	2266.46	153.20	1055.59	71.50
londed	9824.85	968.67	2776.49	265.00	437.64	30.75
londgh	4789.86	419.83	953.36	48.40	249.22	4.75
lonner	9300.93	932.83	2261.70	193.00	309.36	20.50
lonnon	5646.75	514.67	1050.07	64.00	212.24	4.50
lontey	9305.20	937.83	1428.91	104.40	316.95	8.00
looule	8651.58	596.83	2130.74	91.20	376.32	4.00
lorcle	7978.98	623.00	1440.12	85.40	82.67	2.25
lormes	9831.47	1137.67	1491.58	176.20	144.26	10.25
lormon	5737.73	510.00	1083.93	65.80	129.74	5.50
loubed	9223.98	912.17	2568.87	232.40	48.65	11.00
louige	7503.20	593.00	846.74	50.00	11.96	1.75
louion	6286.26	559.50	1165.08	62.40	118.55	5.75
loumic	3902.14	394.83	797.87	53.60	16.41	2.25
louple	7401.38	566.67	1901.15	86.20	479.78	7.25
louton	5654.92	501.00	1135.71	67.20	46.55	7.25
lubicy	5109.23	485.17	401.97	29.20	42.21	2.25
mabose	6593.30	557.33	825.07	53.60	91.54	5.00
mabtld	7767.43	685.83	874.07	45.80	6.78	0.50
maiele	8384.35	714.83	1531.95	104.80	18.52	2.25
mallle	7685.12	661.00	1696.82	122.00	153.12	11.00
mamory	6197.53	566.33	998.11	68.80	80.70	2.75
marery	7075.72	681.00	1183.25	122.80	136.58	12.50
marety	6716.04	681.67	1027.51	98.80	148.27	11.00
marger	9464.66	989.83	2182.00	224.00	300.91	23.75
marmes	9857.26	1187.67	1507.26	200.40	165.42	15.25
maroue	7441.50	634.67	941.81	85.40	88.26	8.25
maroul	5663.10	538.00	909.60	83.40	88.32	8.50
mashly	6530.45	587.67	1171.66	95.80	63.95	11.50
masice	7824.47	671.67	1091.47	75.80	265.96	9.75
mathin	5461.93	499.50	1241.19	65.40	443.15	6.50
mattle	8753.67	681.17	2256.26	118.40	837.26	21.00
maugef	7373.75	804.67	644.43	72.00	48.59	3.75
mawase	6194.08	562.33	705.25	49.80	41.64	1.75
maywal	3869.95	416.00	648.71	51.00	31.59	1.75
mecant	6778.12	544.67	820.41	58.00	106.34	8.25
mecoom	5569.11	422.83	744.61	37.00	203.50	3.00
meeeer	10037.41	956.67	1868.28	169.00	15.60	1.00
mehans	7075.82	759.00	360.92	55.40	25.94	6.50
mehore	7363.86	513.67	1093.74	42.20	258.70	3.50
mempld	8018.29	607.50	958.07	40.80	155.04	5.00
merong	7454.21	565.67	1508.45	108.20	140.09	7.50
midist	5580.32	517.17	563.23	73.20	99.72	11.75
mieted	9665.37	958.17	2609.69	265.00	269.38	31.25
mifugs	5561.12	615.17	480.52	26.60	3.66	1.00
mignch	3983.14	361.33	518.68	48.00	80.35	6.25
mikith	4764.67	453.17	420.42	39.00	4.57	2.50
milies	9884.60	1175.00	1175.77	179.60	186.24	21.50
mindld	7059.06	626.00	771.44	69.80	99.37	10.00
mirkly	6377.34	572.83	943.90	73.40	22.46	3.25
mocely	7081.01	610.00	1541.11	85.00	190.81	10.25
mohors	6461.72	718.67	1001.35	72.40	26.56	6.75
moller	8915.76	926.50	2458.06	218.60	319.67	28.50
moltet	9145.95	906.67	1435.06	116.20	15.99	6.25
mommey	8343.51	854.17	806.39	63.20	169.52	8.00
monaks	5945.34	776.83	689.93	63.80	80.61	5.75
monghe	6131.97	544.00	864.88	57.00	140.70	4.75
monnte	6844.19	613.50	862.53	65.20	73.40	2.75
mopore	6901.22	554.67	1212.77	51.80	297.70	3.50
morghs	6283.22	767.33	865.39	61.80	47.00	8.50
mosese	7218.25	605.67	878.57	65.80	27.50	4.00
mosise	7749.71	649.67	880.96	71.40	61.44	10.25
motist	7105.64	588.67	1044.15	80.60	229.66	12.50
mottls	8297.33	843.33	1434.25	84.80	491.13	10.50
mought	4710.68	448.83	1046.98	51.20	311.70	15.75
mouray	5154.07	538.83	964.06	57.80	209.30	9.75
mourct	5249.30	473.17	1083.30	50.80	265.28	8.00
mudeck	3611.85	366.33	361.19	29.00	2.11	1.75
mufous	4998.33	632.50	491.37	34.80	22.35	3.75
muping	5525.38	517.00	1784.04	143.80	958.70	70.75
murged	9218.73	941.67	2377.18	255.40	115.43	25.00
myscet	6620.74	680.50	592.18	42.60	69.04	1.75
mystle	6510.55	485.00	1499.22	79.20	504.57	12.75
mysure	5561.21	398.00	899.46	25.40	256.89	6.50
nakess	5823.50	732.33	443.54	30.80	62.11	4.75
nanker	8459.20	917.17	2168.21	212.40	64.95	26.75
nasaty	5086.40	567.67	450.00	58.80	5.27	1.50
naufin	3859.59	440.00	304.64	33.40	3.67	2.00
neanes	9888.17	1127.83	1593.41	189.60	110.89	13.00
neangh	5252.32	422.50	1120.31	57.60	137.95	6.25
nimeay	4863.10	492.67	365.48	33.00	1.53	2.00
nipeed	8899.59	901.33	2076.25	213.40	91.04	5.25
nocher	8347.32	820.83	2038.81	169.40	468.21	15.25
noitly	6613.43	593.67	1238.07	69.60	71.76	6.00
norict	6808.52	586.50	990.91	67.80	76.24	5.00
normer	8895.06	902.67	2015.08	182.80	224.44	12.25
noroue	6918.86	559.17	720.03	55.40	39.16	3.00
novide	6579.90	541.17	611.35	32.80	180.89	5.00
nubose	5042.04	415.50	640.08	32.20	25.57	3.75
nuitus	4938.57	687.33	280.34	31.20	27.63	2.75
nummon	3502.58	347.67	675.65	45.00	211.63	7.25
nunair	4266.71	496.00	267.80	34.00	18.87	2.75
nurind	7686.52	684.17	1940.45	123.60	358.80	13.00
nurome	5858.89	475.17	841.97	43.80	170.57	2.50
nurost	5061.17	444.83	955.57	61.60	238.58	3.50
objays	2873.64	460.17	314.30	14.60	187.06	4.75
obouer	7608.81	701.50	2058.93	139.80	0.80	1.00
obtter	7685.11	735.83	2524.54	201.20	641.84	40.75
ocowle	5742.98	384.33	957.11	60.80	34.65	1.25
offour	3395.82	276.00	682.58	20.40	241.35	7.00
ofrive	5710.53	444.67	480.69	33.60	77.49	4.25
opouse	5342.15	360.67	964.19	33.00	32.36	5.50
oreast	3975.64	405.00	590.98	62.60	137.23	9.75
oredlf	3936.61	357.00	455.01	39.00	12.91	1.00
otawes	7307.81	931.00	915.68	130.00	5.93	1.50
otheal	2988.57	283.83	600.94	29.80	187.48	3.50
othend	5620.44	447.67	878.66	25.80	240.74	3.75
otrave	4938.70	400.83	373.92	27.60	20.67	3.25
otrder	7615.21	769.17	1950.32	174.40	186.69	20.50
otrope	5386.80	394.67	502.37	23.20	125.40	2.25
otrrse	5311.11	419.50	635.17	31.00	157.15	1.75
otthet	7212.98	647.83	1204.63	57.20	409.04	7.00
oxtict	4876.79	365.33	580.98	31.60	27.89	2.75
pacain	5332.99	561.67	555.57	60.60	67.49	5.00
paforn	5939.85	526.00	861.09	45.40	308.19	3.25
paking	6777.96	611.00	2054.53	152.00	1212.89	72.50
palend	8270.69	763.00	1117.99	74.00	125.28	8.50
parame	7315.76	663.00	817.19	81.20	147.30	9.00
parmed	10533.11	1058.17	2574.36	272.80	290.41	24.00
parned	10993.72	1089.17	2648.13	277.80	423.92	28.50
parnon	6500.84	618.00	998.40	88.40	74.04	8.25
parrte	7502.97	693.50	664.24	86.60	86.95	10.25
passer	9149.11	974.83	2025.62	220.00	204.33	25.00
patang	6763.25	603.17	1470.27	118.60	15.26	5.50
pattet	10040.25	963.17	1925.23	140.80	404.58	26.50
pattom	6036.79	542.00	1161.30	73.20	187.21	12.25
pavece	7142.91	604.83	728.60	57.00	9.03	4.25
pavile	8762.32	720.00	1452.24	98.60	110.97	8.25
payint	7260.06	648.17	1420.04	111.00	223.47	8.75
peanes	10631.54	1195.50	1877.43	197.60	60.70	13.00
peavin	5579.75	524.33	969.74	63.00	39.92	5.25
peazed	10258.09	977.67	2599.39	235.60	26.62	8.00
pecaps	6567.31	746.67	856.67	47.60	110.46	5.00
pechul	5133.13	415.33	738.04	38.60	0.80	2.25
pecour	6605.23	535.33	1124.40	43.20	334.30	8.50
peedel	8648.19	844.17	947.30	77.60	96.93	6.50
peedin	5610.53	511.83	742.54	46.00	58.90	4.25
pehome	6995.13	489.67	826.97	26.60	126.72	1.50
pempla	6169.78	478.83	1020.49	41.20	115.10	4.25
penght	5793.82	505.17	981.61	61.00	195.27	7.50
pengle	8348.96	647.33	1550.46	105.00	114.52	13.75
penior	7933.58	689.50	852.94	63.60	72.80	7.75
penker	9648.37	942.00	2352.46	212.60	65.38	24.75
penten	9767.65	932.17	1654.92	128.20	252.19	16.50
peoply	7799.56	599.83	2019.08	62.80	1080.80	2.75
peough	6490.24	435.50	1755.33	27.00	906.43	2.75
peoust	7176.52	514.83	1571.30	48.80	360.59	2.75
pereng	7899.45	636.83	1887.10	116.20	160.59	6.75
pettly	8327.80	634.17	2067.97	94.00	530.82	15.00
phorus	5736.74	664.67	583.22	41.60	30.39	7.75
pigugh	4340.85	346.67	725.54	31.00	321.14	2.75
pikial	5010.45	496.67	618.82	48.40	121.69	5.75
piltrt	5906.90	541.00	290.96	41.40	15.84	3.75
pinter	9251.18	953.67	2465.21	231.80	502.94	35.75
piteed	10590.56	996.17	2425.09	225.60	91.86	4.00
pittht	5810.21	486.17	1121.50	54.40	268.94	4.75
plenod	5915.38	533.83	457.58	35.20	59.34	3.50
plllew	6679.66	726.17	757.05	78.00	243.86	14.75
plougs	6083.99	638.67	1271.09	40.60	305.02	5.00
ploule	7634.92	526.00	1955.32	84.40	255.89	4.50
plwagh	3348.68	304.33	695.04	20.00	164.75	0.50
plwais	4602.75	651.67	548.08	27.60	163.83	1.00
plward	5476.93	505.50	598.33	31.20	252.55	6.25
plyier	8641.03	864.00	1831.34	163.40	25.88	14.00
poigly	6630.37	618.33	1066.66	73.80	26.25	3.00
poingh	5282.76	473.33	920.92	51.80	224.93	7.75
pombed	9617.01	947.50	2384.71	236.20	133.83	15.25
pomply	6646.00	570.83	1569.04	80.60	199.85	7.75
ponded	10071.36	1010.83	2699.00	269.20	298.49	30.75
pooser	9658.55	954.67	2048.65	202.40	88.70	12.25
porder	9784.26	984.17	2200.72	206.60	205.96	24.25
porore	8276.33	660.17	1481.64	74.20	264.76	4.75
porsed	10555.18	1041.17	2613.24	269.20	219.53	21.00
posine	8836.33	729.50	1405.55	116.80	79.63	16.25
potaic	5187.72	493.33	693.45	58.80	42.00	7.25
potams	6708.65	773.83	577.77	52.60	20.58	6.50
potays	6620.01	763.67	757.39	50.00	180.92	9.25
pottly	7825.98	642.17	1900.96	94.80	438.51	15.00
pouded	9766.75	973.50	2660.18	261.20	199.42	19.25
pouser	8860.29	924.50	2275.15	205.60	212.97	16.25
pousom	4580.04	458.00	815.71	52.20	107.65	5.50
poways	5606.86	713.83	699.53	43.00	371.20	6.50
pralts	5676.71	778.17	718.61	100.20	75.20	5.50
prasen	7720.85	845.83	868.42	111.80	48.16	10.50
pratle	7723.91	640.83	1506.29	109.80	358.79	13.25
praved	8900.39	925.33	2292.91	258.60	151.25	19.25
prerge	5744.48	484.17	581.28	50.80	138.51	4.75
prines	8926.21	1102.17	1479.12	199.00	149.48	22.25
prisen	7509.74	821.00	953.29	108.40	157.54	15.75
proplt	6337.07	504.67	1165.91	49.80	397.62	7.25
proser	8666.15	878.17	2110.95	203.60	132.10	14.00
prring	6936.71	612.33	2098.75	159.00	1092.54	72.00
puders	5948.83	757.17	763.47	101.40	268.98	37.75
pundon	4549.87	473.33	872.24	67.20	218.26	8.75
purame	6231.14	561.83	775.35	57.00	101.52	7.25
purnge	6633.15	550.33	893.01	58.20	203.29	9.00
puttus	6151.13	735.83	811.49	57.20	38.67	7.00
puyoud	5493.43	494.50	361.14	24.40	11.81	0.75
qulure	5425.33	441.33	722.53	41.40	168.45	5.25
rabref	7205.21	797.83	468.07	52.80	13.21	3.25
rafint	7087.04	635.17	1336.21	106.80	7.44	4.25
rainer	9181.29	982.50	2123.86	203.00	181.16	19.25
ralise	7639.69	692.17	869.05	86.20	33.48	8.50
randow	4625.43	497.17	864.61	76.40	210.98	11.50
ranond	7909.17	717.00	1095.63	72.00	137.74	5.75
rarecy	6690.92	650.17	932.89	77.60	87.59	4.75
rarson	5764.53	583.33	1047.37	88.60	223.86	7.50
rasild	8834.16	788.83	820.00	65.40	83.33	4.50
ratear	6785.14	656.50	755.05	63.40	171.35	6.25
rathic	4727.47	451.83	1141.59	62.00	416.48	6.50
ratrst	5914.93	538.67	930.80	66.80	135.90	4.25
raurca	4218.49	456.17	538.97	39.80	60.39	1.25
ravind	8110.55	733.50	1830.09	111.40	422.98	11.75
reacer	9251.32	928.67	2474.03	205.40	273.68	9.00
reanol	5839.89	520.67	1234.86	82.20	199.17	6.00
rearco	5069.23	461.33	1142.58	81.20	304.28	10.00
rearow	5303.21	482.33	1228.69	91.40	310.49	12.25
rearss	6819.00	794.67	1298.23	83.20	291.16	10.25
reases	9895.22	1160.83	1868.10	218.00	395.70	32.25
reated	10989.68	1041.17	3439.72	311.80	565.05	43.25
reayes	9531.38	1109.67	1621.38	178.80	249.60	6.25
recang	6287.15	519.17	1771.96	118.80	157.88	8.75
recood	7551.19	588.17	1126.75	55.20	263.51	7.25
recore	7705.45	559.67	1816.25	73.20	541.37	9.50
rectes	10280.49	1134.00	2143.54	218.00	155.71	15.50
reenke	6749.61	542.83	882.93	64.40	2.28	2.25
refict	6741.71	526.67	1140.33	59.60	100.97	6.75
refirs	7765.80	817.83	1066.03	89.60	57.38	7.75
refong	6418.95	473.17	1971.70	107.20	333.77	6.25
refows	6235.12	665.50	1000.73	49.60	295.11	6.75
regist	6584.69	552.17	921.64	82.40	106.52	9.75
reinge	7189.85	555.00	1106.03	75.60	257.84	9.75
rellit	5681.95	520.67	1005.32	84.60	66.78	8.75
rellly	6905.47	592.50	1679.34	116.20	198.45	10.50
renger	9281.83	926.17	2369.07	227.00	283.75	24.00
rensin	5336.77	515.83	835.25	77.40	29.57	7.00
reouce	7958.18	538.33	1704.11	57.00	14.68	2.75
reough	6136.47	414.00	1872.26	46.40	577.53	2.75
reoule	9046.12	609.50	2451.61	93.80	240.05	1.50
reowax	4912.26	417.67	900.35	45.80	0.49	0.75
rerory	7275.96	599.50	1328.79	89.60	55.25	3.25
rerrgh	5825.23	467.83	1053.02	64.40	7.70	0.75
retind	9455.77	737.33	2186.14	136.80	185.77	13.25
retter	10409.07	944.17	3190.81	246.80	835.41	48.00
rettes	10848.62	1153.67	2461.22	234.40	555.02	32.00
retton	6754.89	526.00	1654.24	95.80	261.23	13.25
retury	7024.69	525.67	1114.30	72.40	242.54	7.00
reveed	10448.23	965.00	2542.93	243.60	137.04	8.00
rexier	9872.57	939.50	2086.60	189.80	24.23	16.75
rhough	4637.12	298.50	1547.94	24.60	978.69	3.75
rittlt	6894.89	549.00	1273.68	49.80	576.77	7.50
rocees	9878.56	1156.50	1041.15	146.80	9.56	5.50
rocein	5462.83	530.50	400.02	41.80	5.29	1.75
ruppls	5622.97	703.17	649.97	57.60	55.54	4.25
rurech	4995.65	469.00	871.49	61.20	74.46	3.50
rurodl	4512.66	434.17	553.20	44.00	42.37	1.50
sacind	9557.95	853.00	1607.08	108.40	139.02	7.25
sakine	9070.91	770.83	1282.89	101.60	311.22	13.75
saleal	6401.17	670.17	786.96	72.20	50.97	7.75
sallly	7575.79	727.83	1405.92	105.80	298.46	16.00
samays	6879.45	850.33	594.93	48.60	184.52	6.25
sannce	7991.20	709.33	897.56	77.00	183.59	10.00
santer	10678.57	1104.50	2601.74	239.60	567.55	37.00
sarnke	8119.29	726.00	594.31	67.80	14.41	2.50
sastlf	7245.53	648.33	888.70	69.00	88.85	10.75
satast	7129.62	652.33	840.00	71.40	15.44	3.50
satint	9010.60	774.33	1756.13	130.40	94.33	15.75
schece	6197.94	470.33	708.74	34.40	129.47	2.75
scheth	4386.95	396.17	447.29	31.20	124.01	2.00
screct	6218.81	524.00	738.79	43.60	196.03	10.75
screle	8423.43	653.00	1594.88	97.80	106.42	8.00
scrint	7541.42	633.67	1574.01	121.20	176.02	14.75
sctint	7390.65	582.33	1485.55	110.20	117.16	9.00
sctors	6923.61	719.67	807.84	73.60	49.01	6.75
seaned	11793.02	1110.00	3026.34	273.80	287.63	25.50
seants	8127.46	919.50	1307.97	116.80	153.39	16.25
seasin	6595.63	627.33	1003.94	69.60	128.27	8.00
seator	8207.31	721.00	1071.39	72.00	135.41	10.00
seaver	10318.27	1011.83	2345.49	200.40	181.42	20.50
secays	7316.03	807.00	1041.08	47.40	391.92	8.50
seeind	10023.30	833.33	1854.96	108.80	267.66	8.00
seemal	5986.70	556.33	1015.29	60.60	311.77	5.00
semots	8070.79	850.33	890.56	84.40	51.92	8.00
sencly	7789.66	670.67	1244.95	83.60	33.55	3.75
sendle	9210.18	720.50	1623.58	113.00	138.40	17.75
seouct	7957.62	573.00	1423.86	35.40	1.16	1.75
seould	10161.05	742.50	1701.16	33.60	478.53	0.75
seoure	9382.05	667.17	1912.13	46.20	169.32	6.25
serele	10489.20	802.17	1948.74	116.60	155.87	7.50
sering	9193.27	751.83	2510.15	180.60	1198.73	79.00
serost	8097.31	641.83	1153.48	73.20	245.30	6.50
sesend	9567.82	789.00	1299.73	60.00	100.39	6.00
sethee	11762.87	983.67	1458.71	68.20	437.72	9.00
sethes	11362.53	1180.67	2036.63	174.60	472.68	18.25
sevopt	6653.14	516.83	501.80	31.00	15.22	2.00
seyial	6951.83	610.83	904.30	49.60	117.65	4.00
shaces	9307.65	1115.17	1341.37	168.60	234.37	18.75
shaied	11237.81	1076.67	2542.14	250.60	106.60	12.75
shaurs	7131.45	774.83	917.08	84.80	65.50	10.75
shayer	8708.60	877.17	1947.91	166.80	138.17	13.50
shedon	5195.52	465.67	921.83	57.00	94.13	4.50
sheept	5673.13	495.67	549.09	45.40	95.55	8.50
shiler	9049.68	914.83	2255.78	212.00	118.05	21.25
shinee	10083.77	929.17	1034.04	87.00	197.65	16.00
shoile	9463.38	697.17	1717.87	95.20	321.69	8.50
shoket	9128.23	845.00	1607.38	104.40	560.48	15.75
shongh	5609.60	419.50	1216.03	47.80	294.18	6.75
shople	8210.96	586.50	2261.00	89.00	1028.66	9.25
shoule	8662.90	586.50	2439.62	90.60	926.45	6.50
shoung	6835.50	492.17	2359.22	97.60	897.28	7.00
shoups	6761.89	698.17	1489.64	55.80	771.95	8.25
shrous	7026.70	771.33	777.62	58.60	95.11	10.50
sidder	8870.52	932.33	1965.78	193.40	223.28	27.50
siggue	6061.26	554.17	429.03	46.00	58.62	6.50
sikeen	8863.47	894.33	662.78	48.20	56.38	2.75
simays	6214.42	770.50	634.98	38.60	265.23	6.75
simors	7319.62	812.67	1018.11	79.80	137.07	9.00
sinton	6359.35	606.50	1051.36	80.00	92.24	10.50
sither	9812.13	934.17	2744.19	178.40	1002.01	18.00
slange	6752.11	567.33	759.31	66.80	203.73	13.50
slaton	5847.96	557.50	775.57	72.80	41.23	10.00
slears	6304.71	786.33	535.41	88.00	49.13	12.50
slerow	4363.85	429.33	345.05	43.60	34.71	6.50
slmmat	4873.14	467.50	381.06	32.20	1.61	2.00
slusin	4383.31	466.00	316.04	45.40	13.27	3.75
slwagh	4111.03	375.33	616.37	21.40	164.75	0.50
slwaic	3673.76	401.50	562.23	35.40	164.21	1.25
smieng	5811.52	521.83	1157.94	80.40	79.87	3.00
smises	8569.92	1074.67	1036.36	164.60	180.74	26.75
smoual	5002.06	419.33	1060.24	37.40	119.97	4.00
smoung	6104.53	453.83	1676.85	73.40	254.20	3.75
socose	7993.27	636.67	920.66	43.00	131.14	5.25
sodghy	5507.18	559.33	454.74	41.20	5.92	3.25
soised	10697.56	1080.00	2382.95	249.40	223.74	18.75
solong	7279.13	625.67	1416.27	98.60	100.11	8.75
solple	8554.09	697.50	1612.56	80.80	427.57	7.25
sonded	10833.71	1081.83	2672.77	264.60	296.56	30.25
songed	10734.83	1079.67	2565.63	260.40	231.03	30.25
soroow	6796.06	592.33	828.77	58.00	8.64	3.75
sotier	11654.73	1103.17	2137.73	187.40	86.09	18.25
soualy	7443.17	690.17	1298.76	82.40	47.09	3.00
souary	6662.97	655.33	741.64	60.00	77.50	6.50
sougue	6910.58	620.83	692.94	47.20	107.79	8.00
sounty	6430.25	643.00	904.53	67.00	217.55	12.50
soutle	9031.31	732.00	1699.62	94.40	389.98	12.50
soving	7641.27	661.83	2209.18	147.60	1282.19	71.25
sowyer	8951.06	906.83	1647.62	152.80	27.35	3.00
speait	4721.87	482.67	433.69	50.00	36.96	4.00
spetan	4947.80	493.17	294.19	47.40	33.08	5.25
speved	8710.03	880.83	2161.63	234.40	100.50	11.75
spinon	4932.62	470.50	782.87	66.40	29.46	6.25
sprkor	5746.09	536.17	357.79	38.60	49.69	4.25
sprner	9206.77	920.83	1900.47	181.00	274.90	16.25
squrle	6690.43	527.17	1109.30	65.60	30.80	5.00
staket	8400.44	848.17	1235.84	110.00	288.78	21.25
stalen	8289.53	858.17	1244.03	113.00	214.92	16.50
stange	6640.86	533.83	1070.20	72.60	353.67	16.00
stangy	5492.46	502.67	952.50	65.20	268.46	14.00
staver	8442.04	873.33	2102.63	194.60	285.64	24.50
sthoss	5799.88	646.67	803.40	42.40	70.56	0.50
strame	6647.70	552.67	885.73	58.60	297.45	12.75
strchs	5774.63	702.33	670.89	52.00	205.80	9.25
streed	10738.31	1017.00	2756.12	243.40	492.88	15.00
strere	7832.78	628.83	1517.09	98.00	304.77	12.75
stried	11269.78	1061.00	2821.98	268.80	323.18	19.75
strory	6515.86	553.50	1176.85	73.00	304.74	12.00
stsher	8574.16	835.83	2288.08	190.40	522.36	23.00
ststed	10015.06	954.33	3071.33	290.60	462.21	44.00
ststte	6749.84	566.83	735.69	64.20	0.00	0.00
stsuan	5134.85	445.67	641.26	49.20	11.69	0.75
sturle	7118.59	553.67	1451.30	90.20	23.69	4.00
sually	6794.66	665.33	1104.79	70.80	257.77	4.75
sublid	5959.66	612.00	441.17	35.40	190.57	4.25
suindy	5394.68	566.00	535.80	48.20	17.91	4.25
summby	4608.72	475.00	353.04	33.80	72.39	4.25
sumore	7300.38	594.33	1236.14	51.60	316.93	3.75
supast	5097.39	524.00	485.77	46.80	46.54	3.75
suphes	8884.49	1095.17	1235.66	152.80	70.74	12.25
surcen	8651.49	911.67	890.87	73.00	82.65	3.75
surent	7545.29	680.50	1157.87	75.40	295.52	15.00
swinct	4986.58	445.83	510.60	43.00	22.46	4.75
sysely	6501.10	566.33	1302.55	65.00	464.56	11.00
sysert	5752.62	504.83	652.64	51.20	182.21	5.00
systle	7549.62	583.00	1506.40	79.80	507.19	12.50
tablue	5855.68	559.33	348.32	37.60	21.18	4.00
tained	10085.36	1037.67	2514.35	260.60	281.06	27.50
tainth	5061.09	539.00	674.40	60.40	59.05	8.25
takere	7005.30	607.17	966.85	68.40	73.29	5.50
tappes	8899.51	1119.33	1002.43	179.20	110.79	21.50
tarker	9465.75	991.83	2319.56	226.40	214.98	27.25
tarned	10705.33	1069.83	2612.90	271.40	376.75	25.75
tatidy	6841.88	639.83	820.04	60.00	50.21	7.50
teante	7477.06	632.17	845.33	73.60	32.90	6.25
tehied	10957.71	997.67	2192.55	222.80	118.44	4.50
temors	7379.73	759.33	914.95	75.80	88.78	9.25
tepost	5948.18	473.00	558.71	44.80	168.07	4.75
thaced	8656.05	868.33	2567.29	232.20	125.75	9.25
thaded	8928.17	887.00	2679.27	253.00	200.16	23.25
thants	5577.38	713.67	1098.84	99.20	234.45	14.25
tharte	5752.19	508.50	859.34	62.40	71.60	7.50
thears	5519.59	685.50	864.35	85.80	52.41	9.50
theays	4785.49	624.33	836.57	44.80	210.57	7.75
thengh	3917.43	314.83	1030.64	38.20	42.61	3.50
therly	5453.15	471.00	1236.65	68.00	103.41	7.25
thiece	6231.20	493.00	1008.08	45.80	186.08	3.75
thince	5818.54	454.83	1170.78	62.40	421.12	12.00
thised	8649.29	866.17	2685.32	254.40	396.91	19.25
thiter	8505.92	850.00	2648.74	213.40	634.59	32.25
thitet	8229.13	804.67	1549.38	112.80	275.94	8.75
thoked	9192.97	853.00	3203.05	256.20	744.48	33.00
thoond	7414.66	553.67	1504.26	51.20	326.85	5.00
thoply	6011.82	465.00	2182.23	69.80	604.98	4.00
thorol	4531.31	373.00	1011.29	42.80	202.33	5.50
thoure	6831.96	461.33	2094.07	49.80	753.68	9.00
thrced	9064.90	875.67	2461.06	219.00	164.79	11.50
thrtey	8817.37	863.50	1205.54	92.80	70.17	9.75
thuger	7543.26	775.50	2037.91	176.20	142.78	12.75
thurst	4221.35	370.17	971.84	43.60	194.78	2.00
thuson	3920.18	363.50	976.99	47.00	157.11	4.00
tighic	3182.11	340.17	456.71	40.20	124.09	4.50
tigods	5279.22	666.00	355.20	47.00	5.86	3.00
tising	6408.30	576.33	2020.87	157.20	998.81	69.25
titted	10202.29	962.33	3318.02	281.20	812.61	51.50
tockes	9130.39	1095.50	1379.78	194.20	181.96	28.25
todere	7089.40	607.17	958.82	75.20	126.90	5.75
toouer	9896.34	920.00	2238.43	169.20	0.51	1.75
touply	6211.09	558.33	1521.96	76.00	149.42	5.00
troulf	5542.69	409.17	1412.99	51.40	477.15	6.75
tround	7319.29	578.17	1658.41	59.20	622.87	9.00
trught	3706.61	380.00	508.53	38.80	272.98	11.50
tubban	3162.79	388.67	280.53	42.20	15.72	3.50
tubore	5823.51	487.33	1082.44	41.00	258.20	3.75
tumays	4744.09	658.83	574.99	34.60	179.37	6.00
turcks	4996.71	695.67	580.03	60.40	146.04	13.50
undeal	3092.52	330.67	715.36	49.00	91.84	4.50
undeay	3722.53	396.17	496.31	35.40	63.92	2.00
uneats	4310.24	627.17	592.23	87.80	56.21	9.00
uniner	7343.47	767.33	2078.24	189.80	202.96	16.50
uniric	2484.37	289.50	426.05	44.00	98.98	4.25
unoply	5162.16	406.00	1604.01	64.80	421.92	2.00
unould	6761.29	477.67	1304.88	32.20	603.82	1.50
unowet	6975.84	663.17	667.83	54.60	49.81	4.00
unsoul	3124.85	280.17	391.21	33.40	2.53	2.75
unthed	8361.92	759.33	2812.53	232.80	473.03	14.25
unyied	8607.28	828.17	2322.51	226.00	35.70	4.00
uropes	8307.67	1000.17	1357.84	171.40	50.30	9.75
uslked	7247.33	746.33	2328.69	232.60	438.19	27.00
vaizer	7850.76	875.00	1524.54	150.00	10.89	3.25
vapine	7505.61	666.33	1085.37	101.60	51.79	13.25
veadot	5628.91	496.17	656.97	49.00	50.06	3.25
vimind	7228.07	635.00	1578.25	102.40	169.78	9.00
virnch	4444.62	406.00	481.50	44.60	71.38	6.00
visule	6811.89	511.67	1322.64	78.80	77.98	4.00
vixice	5829.18	484.83	563.68	37.00	204.03	6.00
wacked	9273.82	939.67	2615.16	271.60	549.21	46.25
wacosm	4626.48	427.67	631.83	37.60	0.18	0.75
walden	7933.43	861.00	972.05	101.80	171.80	13.25
walels	7568.25	871.50	873.18	88.40	110.72	14.00
warece	7592.99	649.33	1173.24	81.20	105.67	7.25
warted	10706.40	1059.33	2986.63	301.80	344.03	42.50
wasice	7501.08	645.17	1011.69	66.60	260.71	7.75
watied	11186.97	1066.50	2740.59	256.80	112.60	12.00
wavemn	4770.82	465.67	377.08	34.80	9.56	4.00
wayome	5947.80	484.00	599.63	27.60	126.12	2.00
weeeer	9714.03	930.17	1801.36	161.60	21.69	1.50
weelle	7820.52	589.83	1212.91	79.80	19.96	4.50
weofil	4902.79	415.83	380.94	16.00	12.33	0.50
weoved	10145.42	914.17	2328.75	221.40	82.75	11.00
wickes	8209.64	1016.33	1401.26	194.00	199.12	30.00
wigude	5267.34	412.33	462.31	32.00	31.77	1.75
wimugh	4127.55	308.00	718.46	25.20	288.69	1.50
winory	5367.20	504.17	813.73	65.60	113.82	6.50
wintle	7364.43	599.83	1693.72	105.40	443.61	14.75
withic	3816.10	340.00	1112.42	44.20	303.06	4.25
withte	6023.15	475.17	1055.46	44.40	222.24	3.25
witilf	6321.99	499.33	940.03	47.40	94.00	2.75
witits	6856.37	796.17	986.06	94.80	127.26	9.50
wivess	5458.68	681.33	538.05	46.20	73.59	6.00
wolane	7076.17	609.00	457.20	50.20	31.55	4.00
wolmed	9164.66	923.83	2254.24	228.40	160.60	14.75
woople	7846.04	585.50	1735.06	81.60	758.53	7.25
worele	8624.93	685.67	1731.83	106.80	146.34	5.00
wouson	4606.00	452.83	1002.86	57.20	200.92	7.75
wreion	5097.10	487.50	699.50	51.60	109.81	5.75
wremal	3130.03	363.33	661.24	52.40	71.99	3.75
wrinda	3090.41	347.33	564.60	56.80	52.19	6.75
yourly	5582.43	511.67	1286.55	69.40	262.08	8.50
