STRING	N1_F	N1_C	N2_F	N2_C	N3_F	N3_C
absoll	4783.16	349.83	68.89	18.00	18.73	2.50
abushy	3115.20	308.33	121.52	20.60	5.61	3.50
accure	5802.67	378.50	878.78	29.60	237.87	9.00
acotch	4565.98	320.67	347.50	32.80	26.00	5.25
acrone	7105.48	501.33	708.56	39.20	239.86	5.50
acrore	6622.08	472.00	1243.87	43.20	402.11	3.50
acrose	6295.58	448.50	825.30	37.60	238.46	4.50
acrour	5168.09	426.17	668.95	32.60	284.63	6.75
acrows	5391.04	604.83	455.93	26.20	167.78	3.75
actics	6463.20	669.50	673.90	34.40	198.05	7.75
actine	7654.68	538.17	1388.24	96.40	240.81	14.25
actiod	7017.02	537.33	619.52	27.40	293.11	4.75
actire	7171.29	508.83	951.02	36.80	245.27	6.00
actits	6411.27	706.50	717.72	80.40	200.68	9.00
actore	6471.30	420.67	1078.64	34.80	374.92	4.50
acturn	4936.53	327.17	648.78	22.00	291.11	4.25
addies	8547.88	1017.00	954.94	156.00	172.26	16.50
admily	6030.65	483.33	982.99	64.60	218.86	7.75
adulty	3605.93	372.00	278.34	30.40	50.39	3.00
adving	5011.14	392.67	1996.28	137.80	1210.39	70.75
afrail	3887.80	369.33	311.47	27.40	137.86	4.25
afraws	4910.22	609.17	209.22	21.80	87.93	3.00
africy	5756.20	478.00	671.76	38.20	162.56	2.50
afrina	5569.30	459.67	1284.92	97.00	240.35	9.75
afring	6165.14	486.00	2072.43	146.60	1170.07	72.50
agenal	3305.91	321.33	503.30	36.20	51.40	4.50
agench	3388.79	267.83	465.22	32.40	150.13	9.00
agread	6195.15	544.50	468.90	27.20	144.72	5.00
agreal	4417.94	407.33	722.41	44.20	147.68	6.75
agrest	5124.44	420.00	692.83	53.60	173.90	20.25
aimple	7095.08	526.00	1425.92	74.60	616.88	10.75
almord	6212.00	486.17	952.49	30.20	302.89	3.25
almort	5096.52	387.83	947.35	30.40	329.80	4.50
almory	5064.80	414.50	952.92	38.00	301.45	2.25
almose	5886.70	422.17	900.24	30.60	389.93	5.00
almoss	5486.36	619.17	780.38	21.60	435.09	2.75
almour	4759.20	399.83	743.90	25.60	404.01	7.00
almove	5415.72	382.33	574.30	20.60	264.43	3.00
alward	5386.64	474.50	707.64	27.80	415.36	6.50
alwary	4239.44	402.83	708.07	35.60	370.22	6.25
amound	6781.29	481.17	1298.68	26.60	445.11	4.50
anions	6385.82	693.67	543.26	48.60	106.92	9.25
anites	8877.80	1041.67	1606.38	188.40	251.22	14.75
anives	7928.95	972.83	1061.64	153.20	131.00	18.50
answed	8307.88	788.00	2140.67	203.80	164.77	6.25
anyong	4736.55	333.50	1281.84	73.20	265.84	3.00
appect	4177.14	349.17	435.94	25.20	256.62	7.50
appent	4968.28	414.83	629.31	41.80	300.90	13.50
appers	5201.22	640.33	644.56	90.40	324.44	41.25
applow	2752.09	264.50	255.62	24.00	115.53	6.75
aroman	4625.41	425.83	658.05	59.20	192.10	7.50
arople	7363.46	531.50	1969.61	91.00	891.69	7.75
arould	7814.19	572.00	1533.50	48.40	831.99	4.50
aroult	6698.72	473.67	1377.22	47.40	639.64	5.25
arower	8305.54	802.83	1995.80	171.40	277.77	11.25
arting	6695.64	530.00	2036.25	144.80	1002.17	72.75
assaya	2626.14	258.83	243.17	17.80	30.43	5.00
asylly	4535.65	365.67	878.02	55.00	139.56	4.75
attent	6196.08	447.00	592.55	41.40	308.63	14.00
augels	6609.31	753.50	457.96	57.40	70.53	12.50
augure	5960.43	455.00	734.03	30.80	226.50	7.75
autpus	5439.76	652.67	195.81	27.80	34.58	2.50
auturn	5471.87	418.00	522.51	29.60	262.84	4.50
avents	4680.71	613.83	531.66	70.60	191.51	12.00
babbed	9150.56	963.67	2104.50	238.80	60.53	19.00
babits	7040.16	891.67	494.18	95.60	86.92	10.50
babode	6497.34	564.33	394.31	43.00	112.22	4.25
babour	5646.21	560.00	503.92	46.60	282.84	8.00
bacred	9952.96	1008.00	2157.70	239.60	136.97	12.50
basher	9145.90	944.17	2099.20	203.00	546.04	33.00
batish	6699.67	595.17	788.26	82.40	124.31	18.50
beader	9780.90	966.83	2715.23	210.20	233.08	28.50
becind	9145.09	737.17	2358.24	109.20	291.59	4.50
becomy	6169.05	497.00	1237.58	40.60	498.56	4.00
becond	8445.11	649.00	1756.70	52.40	579.36	3.75
becons	8045.97	805.50	1414.80	68.40	486.86	10.25
becore	7962.91	579.17	1945.47	57.20	649.74	5.50
bector	7038.59	584.33	1207.85	51.00	319.13	9.50
beford	7722.41	592.67	1551.56	44.60	856.29	6.50
befort	6606.93	494.33	1546.42	44.80	883.20	7.75
befory	6575.21	521.00	1551.99	52.40	854.85	5.50
befugh	5493.65	369.00	1329.69	30.20	552.79	4.50
befuse	7296.61	506.17	1132.58	45.00	296.66	8.00
behing	7197.05	567.33	2436.48	142.60	1195.03	67.25
beight	5629.13	497.33	1021.59	38.20	307.01	10.75
belicy	7213.31	624.83	1162.43	59.20	203.66	7.25
belled	10436.67	996.50	3116.17	281.80	584.49	43.25
besily	8390.22	693.83	1729.51	89.40	250.42	10.75
besses	9938.16	1139.50	1740.16	193.80	240.48	38.00
betack	5699.34	451.00	984.93	49.80	198.17	7.00
bethin	6088.14	481.67	1436.02	54.40	284.51	4.75
betras	7289.77	796.33	886.49	61.00	129.93	8.00
betred	10966.91	984.83	2807.07	243.80	232.41	15.25
betten	10072.14	905.17	2217.15	130.40	576.11	27.00
bettle	9379.88	663.33	2451.10	107.40	902.67	18.75
betume	7785.08	525.33	1192.16	42.60	178.89	4.25
beture	8430.54	576.33	1609.42	54.60	460.82	9.25
beyone	8026.25	573.00	1005.17	40.00	217.67	3.25
beyong	6495.65	484.17	1723.50	84.60	218.22	2.75
beyons	7625.91	770.00	1009.81	55.20	199.08	8.50
beyony	6877.85	541.83	944.28	35.60	169.44	2.50
bisdow	4146.06	415.00	402.84	35.00	65.75	2.50
bisses	8827.31	1102.50	1158.60	186.40	232.63	38.50
bithin	4977.29	444.67	997.24	41.00	311.86	4.50
bodden	8026.51	845.83	826.38	99.40	194.70	16.75
boddle	7334.24	604.00	1212.33	97.60	157.75	19.00
boders	6881.13	821.50	805.32	110.20	344.52	39.75
bodges	8961.56	1111.67	1060.41	180.40	85.37	23.25
bolict	6743.22	606.17	829.46	62.00	216.23	7.75
booket	9267.10	895.50	1134.84	110.80	425.57	17.75
bosque	5915.12	514.50	254.68	43.40	28.85	7.00
bothed	10401.19	959.17	2969.94	246.40	643.67	15.50
botion	7141.88	612.00	1014.64	70.80	291.44	11.00
botler	9657.74	946.17	2010.13	200.00	84.66	12.75
botted	11003.40	1024.67	3258.81	290.20	654.49	51.50
bouble	7248.83	599.00	1386.15	98.60	139.08	14.50
bouses	9203.52	1132.00	1459.38	194.80	264.24	33.25
breatz	3565.35	417.83	458.40	59.40	149.71	13.00
breded	8834.86	910.83	2401.34	257.00	218.16	21.50
brends	5240.90	695.33	658.44	68.40	193.10	13.75
brents	5484.07	737.50	782.96	99.00	239.73	15.00
bretty	5048.79	533.00	491.81	55.20	124.31	7.25
briced	8642.15	907.83	2342.49	245.60	164.17	14.00
brient	6102.88	565.17	859.78	73.00	365.58	16.75
brifts	4843.77	704.83	600.81	93.40	63.20	7.75
broked	9390.18	917.33	2814.67	272.80	615.32	35.25
brople	7357.43	560.50	1930.84	96.40	792.79	11.25
brower	8299.51	831.83	1957.03	176.80	178.87	14.75
buckes	8293.85	1046.50	1278.25	194.80	161.84	27.50
buills	6472.94	795.67	422.37	70.00	58.56	12.50
burive	7053.90	616.67	744.92	70.60	196.67	12.75
burope	6430.91	541.33	642.68	54.40	147.33	6.75
burtim	4684.64	491.83	460.57	57.20	58.50	7.50
buture	6900.11	518.00	956.75	51.40	387.25	9.00
calles	9662.68	1214.67	1742.45	227.00	547.17	35.50
canday	5676.80	645.83	876.15	85.20	219.22	16.25
canice	8147.61	737.33	1155.85	94.20	328.68	17.25
canths	6765.42	862.67	942.44	88.60	332.97	20.00
cantle	8604.21	750.00	1929.42	128.60	555.08	22.00
canups	6534.06	809.50	713.57	78.60	158.73	10.25
carder	9814.90	1035.83	2336.60	232.80	298.27	29.75
careal	6325.81	662.00	1277.33	106.80	184.38	14.50
carger	9716.02	1033.67	2224.71	230.20	266.24	25.25
cartle	9155.80	776.33	1802.08	133.40	436.38	22.00
cassia	4455.41	531.00	592.92	73.80	89.82	9.75
ceally	7537.38	669.50	1416.76	83.80	440.47	8.50
cenced	10275.69	1001.00	2198.48	229.60	142.17	13.00
cenged	10448.93	1017.50	2367.97	257.20	221.77	29.00
ceniel	10029.50	981.83	570.61	75.80	117.10	9.25
cented	11175.36	1060.50	2873.62	278.20	523.34	42.00
chaked	9105.08	915.33	2677.70	267.00	547.35	39.00
changs	5829.69	699.67	942.19	62.80	497.06	16.50
charch	4308.10	396.50	791.24	65.60	266.26	12.25
cheect	5298.15	455.67	654.61	50.20	220.78	11.50
chemed	8754.85	868.83	2396.30	236.40	298.30	16.75
cheore	6554.06	505.67	1163.99	51.80	339.88	5.50
chough	4965.53	336.83	1789.15	41.80	1042.00	7.50
chould	7873.99	572.83	1753.76	45.00	943.36	5.75
chound	7577.19	567.33	1916.31	50.80	850.33	8.00
churse	5601.05	464.17	829.42	44.40	391.80	5.75
cigned	9206.83	940.83	2264.28	230.60	242.40	19.50
cithew	7774.75	765.67	1255.74	47.20	573.52	10.50
claces	8254.31	1071.50	1078.65	166.60	244.84	15.50
clayed	8493.95	886.50	2123.30	225.20	160.54	12.00
clests	4901.73	706.67	431.85	83.40	61.22	13.00
clound	7311.56	577.83	1448.15	48.60	456.26	10.25
clowly	5664.65	482.67	1020.36	73.60	177.72	8.50
cofter	9428.24	943.83	2439.75	220.60	408.27	29.00
colice	7930.85	682.83	1236.33	82.80	438.25	11.50
colico	5761.99	559.33	971.35	73.60	251.88	8.25
colies	10745.00	1263.83	1565.46	198.40	318.03	20.75
colles	9606.67	1179.83	1790.47	223.80	370.98	29.75
collet	8890.33	925.00	1420.71	135.60	353.60	28.25
comend	8191.99	720.50	1305.74	72.60	363.58	12.00
coment	7076.52	622.17	1095.25	77.40	495.59	17.75
comily	7873.06	698.33	1490.88	102.40	377.85	13.75
comite	7881.58	695.33	820.69	79.00	193.04	11.75
commer	8903.38	916.67	2176.38	197.80	274.66	16.75
corced	10325.46	1035.33	2658.84	256.60	190.18	12.25
corces	9926.33	1191.83	1491.14	183.80	253.74	14.75
corget	9383.23	953.50	1165.64	120.20	152.47	15.25
cormed	10451.75	1040.17	2757.95	270.00	317.07	23.75
corson	6036.94	586.83	1218.59	89.40	258.38	12.25
cought	4962.03	492.67	1108.98	68.80	509.44	15.25
coused	9673.61	994.33	2889.42	282.80	506.48	25.50
couses	9274.48	1150.83	1721.72	210.00	441.75	33.75
creake	5456.85	525.67	385.19	55.60	118.12	15.25
crench	4248.25	411.17	640.94	65.20	185.31	14.00
crigin	4071.49	473.67	524.64	64.60	74.57	6.50
crived	8663.92	917.33	2293.80	257.60	130.24	16.00
crould	7879.12	619.83	1443.57	56.60	708.48	7.75
croult	6763.64	521.50	1287.29	55.60	516.13	8.50
crumed	8603.15	900.00	2089.06	238.20	165.20	17.00
cuscle	6548.13	567.50	925.91	73.40	40.92	2.50
daging	6330.86	613.00	1788.03	145.80	969.09	69.50
dandly	6295.86	635.83	1311.46	104.60	165.70	14.25
dannes	9485.23	1194.00	1359.09	192.80	234.82	23.00
dannot	5709.08	579.50	573.43	59.80	264.97	8.50
dantre	7291.61	673.00	1055.97	66.40	223.11	10.00
danuty	5614.39	590.33	574.12	64.40	91.78	4.00
darked	10035.07	1038.83	2701.73	281.40	541.74	35.25
darmed	9975.35	1032.83	2483.19	261.00	239.86	20.00
debuke	6252.83	471.17	272.30	36.60	16.58	5.25
decelf	6375.57	500.83	1044.59	61.60	210.84	5.75
decond	7983.66	625.67	1354.96	60.40	448.43	6.25
decret	8821.84	843.50	980.56	83.20	122.76	6.00
deeder	9028.94	903.00	2072.84	201.20	227.92	20.50
demang	6092.39	515.83	1297.23	106.60	140.48	6.50
depost	5678.81	467.00	728.95	61.40	186.99	7.00
deside	7694.12	625.33	706.57	59.80	282.35	7.25
dessue	6356.21	538.17	507.82	61.80	73.80	5.50
desuld	8275.49	631.50	871.28	48.80	377.32	3.25
develf	6044.30	473.83	749.19	62.00	216.46	7.50
dindon	4411.69	469.33	926.12	78.60	266.81	9.00
direed	10183.57	1022.17	2355.57	230.20	249.45	6.50
dirror	5646.89	563.17	349.79	46.60	111.18	6.75
dirted	10083.70	1007.67	2633.79	274.80	312.37	36.75
docton	5480.95	510.50	736.31	55.40	157.19	7.50
doming	6661.66	593.00	2039.49	153.40	1058.49	72.00
dother	9101.05	882.83	2468.53	180.40	978.03	17.50
drisky	3599.88	441.83	374.94	48.20	92.79	7.50
dullar	4328.10	516.83	452.76	53.00	61.50	10.75
dumble	5905.28	502.50	1198.99	85.80	174.15	20.00
duries	9896.32	1201.33	1493.27	187.40	382.20	21.00
durled	9157.14	960.83	2504.69	258.40	384.23	27.00
durned	9351.33	962.67	2555.65	246.60	543.60	23.00
durone	7173.34	597.83	846.43	58.60	235.12	6.25
durown	4424.97	433.33	591.51	43.00	161.52	3.75
durven	7282.19	806.00	839.32	81.20	184.40	8.50
easher	8728.27	895.00	2067.64	185.20	588.13	31.00
easide	7292.13	642.33	568.41	46.20	263.75	6.50
easish	5809.44	549.17	524.61	62.80	159.60	12.50
easted	10169.18	1013.50	2850.88	285.40	571.96	52.00
eather	9200.87	891.83	2639.94	178.20	1084.48	18.75
eattle	8516.44	657.00	2059.89	98.60	776.48	19.50
editch	3366.77	291.83	260.72	27.40	45.29	6.75
editer	7500.41	774.50	2117.91	193.20	471.88	30.75
effead	4926.55	426.50	394.81	18.40	148.76	4.25
effers	4898.67	580.33	730.80	84.80	333.93	39.00
effice	5522.73	391.00	744.53	30.00	383.59	8.00
efform	3070.16	219.83	808.93	22.00	417.91	5.00
effors	4730.16	536.17	1016.29	60.40	429.18	9.25
eigher	7590.13	778.00	2098.45	162.00	610.51	13.75
eighes	8029.68	987.50	1368.86	149.60	199.67	14.50
eithor	5476.03	452.33	976.01	31.20	256.90	4.75
eitica	5268.36	449.33	863.36	36.20	141.90	3.75
eitted	9976.74	930.50	3353.26	271.00	882.01	49.75
eittle	7851.40	577.17	2046.23	87.20	977.26	16.00
embest	3623.41	322.83	384.86	44.80	87.86	17.25
empore	4935.49	368.67	903.86	34.00	316.19	3.50
enatus	5144.41	665.33	405.82	38.40	53.11	3.25
eneess	5241.38	649.17	535.22	43.60	112.74	5.25
enerce	5022.28	393.00	640.51	32.40	125.80	2.75
energe	4959.62	379.83	532.96	31.20	191.79	2.25
enerts	4570.01	627.00	592.71	72.60	130.88	6.00
enging	5055.37	422.67	1926.26	137.40	990.38	68.50
engled	7869.78	786.33	2336.61	241.80	302.25	26.25
enould	7119.63	498.67	1364.29	29.20	729.04	1.75
enoulf	5046.22	324.17	1281.41	27.20	490.28	1.75
enoult	6004.15	400.33	1208.01	28.20	536.68	2.50
enound	6822.83	493.17	1526.83	35.00	636.01	4.00
enside	5972.81	477.83	645.45	36.40	228.41	5.75
entent	5883.53	443.67	751.13	50.80	292.26	14.25
entese	6190.31	448.67	641.24	52.40	51.34	5.00
entess	5789.97	645.67	521.37	43.40	102.21	7.75
ention	5460.94	433.17	916.64	54.20	241.78	10.00
equard	4731.30	431.83	222.00	25.40	109.96	8.00
escame	4322.03	341.17	403.84	19.80	181.02	4.25
escome	4693.14	322.17	529.97	15.80	270.51	2.75
estain	3626.30	330.50	328.11	33.60	99.06	5.50
eurent	6268.99	558.33	1050.03	64.60	302.39	13.00
eurned	9395.15	936.83	2496.90	241.40	483.02	22.75
evench	2950.28	248.50	453.25	33.40	159.86	9.25
excedy	3731.04	340.50	289.84	24.60	76.55	4.75
exotty	4535.31	405.67	303.77	35.80	39.12	4.75
expech	3036.02	258.17	505.75	34.80	138.22	4.50
expedy	3351.56	333.00	310.67	27.20	90.74	5.25
expern	3668.55	334.67	563.96	57.00	163.17	9.00
expers	4702.49	602.67	711.97	93.40	327.85	41.75
extest	4607.26	351.50	547.20	54.00	142.02	17.25
exuday	3097.92	336.67	224.23	22.40	43.65	3.50
fadius	6615.27	838.00	433.23	45.80	36.20	5.50
fainge	6762.26	588.33	935.86	60.60	313.24	11.75
faises	9256.53	1169.33	1328.88	180.60	215.10	27.50
faisky	4870.49	547.50	457.52	36.20	83.88	4.25
faiter	9512.30	996.67	2459.99	212.40	515.59	31.75
falmly	6211.48	596.67	1188.77	75.60	46.32	5.25
famals	7295.85	844.33	617.94	70.40	161.00	9.75
famend	7937.81	707.50	1138.81	54.60	284.05	8.75
famind	8469.28	751.50	1826.42	110.80	348.92	10.00
faming	6939.88	622.17	2198.21	156.20	1193.23	72.75
fatect	6590.09	562.67	959.18	51.40	255.33	8.75
fathod	7158.16	605.33	1129.07	44.20	347.39	7.00
fatice	8238.24	664.50	1322.49	66.20	348.43	12.50
fatret	9166.39	900.33	1073.71	82.40	144.06	6.25
favage	6205.08	535.50	555.40	37.00	67.88	7.25
favind	8128.77	724.00	1917.26	104.00	436.99	10.25
feaved	10059.06	962.83	2473.96	250.80	160.56	17.50
femany	6696.80	567.83	345.18	39.60	130.59	5.00
fented	10865.17	1012.67	2867.48	282.40	481.92	41.75
feudle	7807.67	581.17	974.12	71.60	76.66	10.75
fiable	6847.90	581.33	1040.85	78.00	120.10	14.25
ficked	8873.34	882.33	2533.80	268.20	550.32	49.00
fiewer	7802.21	820.00	1598.12	150.60	93.63	7.25
fighly	5333.48	466.67	1063.58	63.60	200.85	5.50
fignal	3841.44	410.83	582.64	49.00	70.32	4.50
filded	8966.02	915.17	2319.73	253.20	184.65	25.00
findom	4007.84	415.33	648.96	60.40	208.83	9.75
findon	4633.90	463.67	975.68	77.60	265.78	9.75
fingle	6902.56	579.33	1320.16	106.60	182.27	20.50
firces	9007.11	1099.00	1025.08	149.80	202.34	11.25
fither	8714.23	832.17	2683.75	177.60	1008.60	18.00
flosen	7465.46	752.17	761.36	94.00	145.64	10.50
flosse	5666.50	452.00	470.90	48.00	68.22	6.25
flumps	3995.85	574.00	139.20	48.00	20.14	14.25
foldle	7449.71	606.83	1311.02	90.00	132.88	14.75
folicy	6472.27	603.83	786.93	51.80	277.33	6.75
folled	9695.63	975.50	2740.68	274.40	595.30	42.00
folume	6482.47	509.67	611.30	36.00	75.05	4.25
forcle	7889.94	634.17	1321.30	84.20	231.28	7.00
fordle	8162.06	652.83	1442.47	99.00	267.15	18.25
forely	7741.09	677.00	1693.09	103.60	430.36	17.25
forgon	5695.65	532.83	866.06	65.20	187.76	9.75
foring	7593.56	657.83	2391.49	177.60	1240.94	78.00
forner	9763.48	970.33	2176.13	192.40	400.92	18.50
fornes	10203.03	1179.83	1446.53	180.00	335.64	16.75
frable	6464.54	549.83	1181.37	100.20	149.56	16.50
franch	4228.58	403.83	724.40	75.20	244.19	15.75
freale	6658.10	558.67	1258.56	99.80	147.35	11.25
freame	5232.45	472.83	664.75	51.00	210.74	12.50
frease	5551.41	500.33	675.66	60.60	213.65	12.50
frence	5697.12	474.50	838.30	57.20	229.72	11.25
frents	5244.84	708.50	787.03	94.80	248.34	14.00
fretty	4809.56	504.00	495.88	51.00	132.92	6.25
frings	5313.53	674.00	899.11	67.80	412.39	16.25
frould	7568.94	572.00	1498.79	49.60	712.50	7.00
frount	6156.66	468.17	1450.85	60.20	470.96	8.25
fusher	7822.05	814.00	1971.36	179.40	555.41	28.25
fution	5874.03	516.67	833.17	57.80	250.98	9.00
futpus	5194.50	652.67	221.87	31.40	68.64	2.25
futual	4511.21	395.00	635.39	43.20	216.05	4.25
futurn	5226.61	418.00	548.57	33.20	296.90	4.25
galmly	5855.60	588.83	991.76	78.80	38.51	6.50
garked	9901.41	1025.33	2695.43	285.40	571.22	36.50
garrow	4928.61	515.17	591.27	74.20	141.79	14.50
gazzed	8196.82	877.00	1876.54	215.00	19.28	7.25
gented	10509.30	1004.83	2890.52	279.40	511.06	42.75
geopen	8948.80	834.00	1019.55	63.80	400.52	5.75
geople	8256.53	592.17	1850.68	63.20	1093.91	5.50
gering	7739.49	642.00	2223.55	167.60	1181.93	76.25
geriod	8632.43	730.00	736.50	54.00	183.25	5.50
gerson	5872.69	523.17	833.16	57.20	299.16	7.25
giabby	3724.92	444.33	92.55	17.40	16.97	4.50
givide	6022.80	525.00	562.90	31.00	227.38	5.50
glacer	7148.70	806.33	1750.17	172.20	153.83	9.25
glaner	7735.59	842.17	2000.09	196.20	164.08	17.50
gloope	5543.33	424.33	308.59	36.00	88.70	7.00
godies	9724.23	1176.33	1017.15	165.60	185.75	17.75
golice	7264.79	627.17	873.75	57.40	413.36	10.00
golool	4941.08	466.67	419.95	37.00	130.02	3.25
grance	5631.75	507.17	882.16	78.80	262.65	19.25
graner	8006.35	878.67	2111.15	213.00	196.68	22.50
grases	8063.36	1075.00	1255.30	201.60	148.43	33.75
greame	4876.57	465.00	680.37	55.60	179.82	12.75
greark	3369.17	385.50	500.66	60.20	101.69	11.50
greect	4637.22	447.00	633.53	55.80	207.78	12.50
grefer	6996.13	789.83	1718.71	170.40	62.63	9.25
grents	4888.97	700.67	802.65	99.40	217.42	14.25
grenty	4140.90	472.50	716.99	67.80	189.80	8.00
grough	4304.61	328.17	1549.80	51.00	928.67	11.00
grould	7213.06	564.17	1514.41	54.20	830.03	9.25
groupe	5713.58	438.33	1172.39	51.80	394.60	10.00
groven	7126.82	748.83	901.49	92.80	217.53	15.50
growly	5269.35	463.50	1249.17	85.00	234.97	10.75
grozed	8423.37	844.17	2260.43	231.80	155.26	9.75
guiter	8071.80	887.67	2163.11	201.20	482.53	32.00
habily	6897.84	651.00	1090.70	76.40	160.54	8.00
hannis	6030.74	812.67	610.10	65.00	129.63	7.50
hapost	5160.30	486.50	678.81	50.60	159.72	3.50
harded	10048.49	1023.33	2649.12	277.00	309.94	25.75
harger	9110.92	968.17	2099.12	214.00	270.59	21.75
harnea	8238.01	884.83	882.30	84.60	194.47	10.00
havage	5910.17	517.83	473.57	38.40	139.82	8.00
havice	7043.91	600.17	1038.46	51.20	407.99	9.75
havicy	5895.51	569.00	806.56	42.40	255.25	6.00
healts	6540.46	798.00	950.41	96.00	303.96	11.25
heared	10174.68	982.17	2629.77	260.80	331.03	29.25
heason	5524.80	506.00	1070.37	71.80	375.22	12.00
hellow	4754.36	422.83	653.43	63.60	200.70	17.00
herind	9329.85	761.50	1879.47	128.80	321.97	16.75
herish	6762.11	557.00	712.01	81.40	146.46	18.50
hident	5505.00	504.33	711.01	47.20	242.15	12.50
hidius	5655.31	740.50	280.12	38.80	45.29	5.00
higgen	6755.02	744.50	694.74	84.40	107.24	14.75
honded	9440.90	962.17	2576.67	266.80	315.01	30.75
horges	9494.47	1142.83	1236.90	189.20	135.81	20.25
horive	7548.37	636.33	732.69	69.20	80.08	7.00
hormal	4791.44	492.50	872.82	73.20	236.31	7.75
horost	6202.69	530.17	953.81	73.20	218.53	4.50
hourch	4253.19	398.17	849.20	55.80	351.60	7.50
hugger	6929.82	781.67	1641.67	181.60	179.64	25.75
hundom	3293.34	376.33	448.77	43.20	178.57	6.75
hunned	8727.04	913.00	2290.21	245.00	318.46	30.50
hurion	5729.89	550.33	1113.60	77.20	272.85	9.75
incono	3853.72	297.50	616.68	35.00	149.25	3.50
indeet	7149.61	718.83	779.94	56.80	263.39	3.25
indely	4991.35	432.67	1356.80	80.40	341.29	12.75
inders	4959.22	626.00	846.32	101.40	405.03	39.50
indies	8397.42	1017.67	1158.40	167.00	254.03	17.25
infaic	2362.05	249.17	423.45	40.80	35.19	4.25
injurn	3402.10	252.17	462.20	30.40	63.27	3.50
injust	3393.20	241.83	482.64	43.80	46.29	3.50
inling	5198.53	445.33	2048.07	151.40	958.96	70.25
innure	5606.00	413.83	874.94	39.60	190.11	7.00
insiet	8124.76	792.50	920.57	79.60	168.02	7.00
insing	5287.50	443.17	2129.97	151.80	1079.76	72.50
insuld	6313.21	467.33	799.23	31.40	363.72	5.25
intist	5364.12	418.17	734.88	72.40	91.84	10.50
inverb	3191.53	275.83	519.47	65.80	55.37	10.75
invind	6390.09	522.67	1756.32	103.00	335.88	8.75
inving	4860.69	393.33	2128.12	148.40	1180.19	71.50
israid	4969.17	476.67	264.31	28.00	88.44	3.00
issain	2912.73	317.00	307.99	27.80	74.37	4.50
itsely	5323.93	445.50	1240.96	63.00	467.85	11.00
itsers	5291.79	638.83	730.48	84.00	370.61	37.50
itsets	4932.11	639.50	526.53	64.40	160.12	10.25
jarked	9649.75	990.50	2655.29	275.20	535.94	34.50
jermth	5011.56	443.00	460.26	33.60	54.11	3.75
jethod	6996.43	519.83	723.30	29.60	69.03	4.50
jeways	5165.58	632.17	474.45	22.80	353.70	6.75
johnic	3384.81	346.50	181.19	24.20	32.66	2.75
joings	5698.39	707.83	633.13	44.20	376.84	12.25
judded	7584.19	819.33	2212.56	243.80	204.61	27.00
juddly	4310.45	434.83	920.54	71.20	132.36	14.25
junges	7601.64	1025.17	1075.84	178.80	177.05	24.75
kisues	8475.90	1010.00	940.14	140.80	72.61	6.00
kisure	5969.50	465.33	916.08	43.40	205.87	7.75
knited	8393.32	837.00	2633.86	257.00	416.06	37.00
labers	6718.19	806.83	713.78	104.20	278.78	36.75
labies	10156.40	1198.50	1098.18	168.40	239.16	15.50
labody	5198.75	493.00	408.10	38.20	198.24	4.50
lacame	6350.35	549.83	592.94	44.40	157.05	5.00
laddes	8966.25	1108.50	1164.74	185.60	97.84	18.25
laddle	7240.05	598.67	1177.41	95.80	140.19	19.50
laddly	6091.65	567.50	1040.42	85.80	129.75	14.50
langer	8943.29	948.33	2139.97	219.00	294.77	28.25
larear	7043.18	687.17	881.50	83.60	164.47	8.50
larels	8634.19	928.83	1136.69	114.00	200.91	16.75
largle	8208.23	674.33	1370.30	115.60	101.70	12.75
larrow	5373.52	511.83	679.32	76.60	126.15	14.00
lartle	8934.65	717.33	1649.35	121.40	419.56	17.75
lathin	5492.14	484.33	1131.16	59.60	391.18	7.00
leades	10070.26	1136.17	1493.36	191.40	176.60	19.25
leally	7316.23	610.50	1492.92	91.60	502.10	12.00
lealms	6638.64	752.83	707.76	55.40	247.37	9.00
learee	10559.84	948.17	915.71	81.60	264.94	19.50
leasts	6736.07	793.17	878.96	102.20	193.17	17.75
leture	8280.35	536.17	1117.16	48.20	382.11	8.25
levady	5359.08	458.33	270.64	31.80	28.96	3.75
levern	6215.68	485.17	560.79	68.40	127.27	14.25
libbed	8335.33	843.67	2285.21	227.00	38.67	20.25
ligger	7733.36	809.50	2089.78	192.40	199.12	25.25
likelf	5087.74	405.33	859.11	35.00	280.36	2.00
likels	6762.01	736.33	838.86	62.00	194.60	11.50
limily	7042.88	594.33	1387.72	79.20	230.49	12.00
lished	9169.36	877.17	2792.46	248.20	199.00	24.75
lissis	5295.33	704.33	654.35	52.60	84.60	7.00
lithed	9641.96	874.00	3358.85	238.40	865.69	16.75
lither	8803.27	821.00	2920.75	178.00	1248.86	18.50
lithin	4827.10	404.50	1325.62	45.40	546.75	4.75
litmas	5793.65	696.33	853.96	47.60	275.18	5.00
litten	8811.11	828.00	2106.75	121.40	825.31	25.25
littes	9845.04	1096.00	2480.03	209.40	865.71	28.75
littly	6970.44	555.00	2203.71	88.40	884.64	13.25
liture	7169.50	499.17	1499.02	45.60	565.12	8.25
litury	6021.10	468.00	1133.11	47.40	408.33	4.50
livies	9576.98	1107.83	1542.08	163.80	336.74	17.75
livind	7552.77	633.00	2009.93	102.40	481.24	9.75
livish	4985.03	428.50	842.47	55.00	213.71	13.25
loadly	6693.85	603.17	1148.01	75.60	77.64	7.75
loards	6148.09	764.00	632.38	61.40	49.57	8.25
loaxed	9487.52	937.67	2102.03	210.60	9.56	5.25
locide	7408.03	593.67	732.07	37.00	227.23	5.25
loderb	4946.39	451.33	757.16	65.60	120.52	5.25
londay	5399.65	552.00	814.69	54.60	320.18	8.25
londed	9824.85	968.67	2776.49	265.00	437.64	30.75
londer	8986.16	915.67	2338.39	204.60	430.31	31.25
londom	4705.92	449.17	858.36	51.60	382.90	8.00
lontes	10053.27	1166.00	2007.30	209.00	395.30	16.00
lontre	7546.87	621.33	1228.99	54.20	290.12	4.00
lookes	9833.25	1110.17	1668.26	193.20	486.22	17.25
looket	9116.91	855.33	1298.50	105.00	557.51	16.75
loonal	5578.06	496.50	776.80	63.40	154.83	5.25
looner	9794.58	925.67	2109.85	192.80	258.73	14.25
losped	9759.54	935.50	2281.63	241.60	93.23	20.25
lossin	4870.43	481.33	609.34	57.40	56.29	7.25
lostle	8255.28	634.33	1681.37	103.20	413.58	15.75
lovere	7148.14	564.17	1148.12	75.20	103.38	13.25
luxual	3432.39	320.67	380.99	27.40	107.79	2.75
maddes	8936.04	1123.67	1274.76	191.40	90.77	18.75
mading	6641.33	618.83	2032.14	163.80	987.24	72.75
madium	5014.10	525.67	390.22	50.60	41.90	8.25
mairty	5457.89	603.17	624.06	63.00	80.90	6.00
maited	10409.82	1053.67	2899.15	284.20	401.78	37.50
makels	7396.83	831.33	800.25	74.00	172.77	12.50
makind	8030.64	713.33	1783.34	107.00	438.68	10.25
makine	8031.84	672.83	1436.80	107.80	381.32	14.25
makins	7631.50	869.83	1441.44	123.00	384.87	14.50
malked	9603.77	991.17	2776.54	276.00	509.63	31.25
mander	9011.95	965.67	2357.14	229.00	263.40	36.25
mandle	7725.30	665.33	1640.22	126.80	174.94	21.25
manind	8686.20	799.67	1910.12	142.20	169.97	14.50
marded	10402.23	1045.00	2732.00	287.00	340.27	27.75
mareal	6074.45	618.17	1234.63	100.60	219.05	13.00
mareer	10290.97	1047.33	2350.08	206.00	255.12	11.75
marent	7590.84	683.67	1301.87	101.40	358.67	17.75
marges	9904.22	1199.33	1452.41	211.60	190.82	23.75
marget	9187.87	944.50	1082.65	123.40	197.25	14.75
marter	10191.09	1032.83	2628.31	250.60	482.13	38.25
marves	9681.79	1173.50	1405.68	200.80	186.58	22.50
matern	6639.07	589.83	1020.84	91.60	165.81	11.75
mather	9438.10	916.00	2836.32	198.00	1145.25	20.25
mathin	5461.93	499.50	1241.19	65.40	443.15	6.50
mathur	5917.26	535.00	1163.39	56.80	302.39	5.75
matice	8297.07	668.50	1323.55	77.60	339.57	13.00
matits	7844.79	902.50	1103.46	116.60	159.07	14.75
matsue	6664.04	576.17	694.72	52.80	85.45	3.00
mattem	8819.87	874.67	1837.48	120.20	543.54	25.00
matume	7158.87	543.17	997.32	53.60	160.27	4.50
medies	10640.75	1180.17	1047.23	170.20	171.00	17.75
meduce	7026.11	488.50	453.70	39.80	46.51	6.75
membit	5344.83	456.17	419.52	45.20	71.27	3.25
menour	6495.84	553.00	547.51	52.20	161.57	9.75
menter	10085.31	963.67	2505.45	227.80	587.10	37.00
mentre	8018.46	628.50	997.55	60.60	201.53	9.00
merste	7515.05	618.67	507.65	61.80	98.25	5.75
mervas	6849.60	785.67	387.39	54.40	62.53	6.00
metaid	7503.29	623.00	536.59	50.60	110.55	8.50
methed	10722.60	926.17	2970.77	243.20	521.57	17.50
mether	9883.91	873.17	2532.67	182.80	904.74	19.25
midely	6123.83	558.17	1266.02	84.80	256.76	14.00
milles	8746.28	1091.00	1400.78	205.00	355.37	31.25
mintre	6907.62	591.50	993.71	65.80	144.89	8.75
mirces	9065.93	1103.00	999.21	152.60	197.72	10.50
mirrow	4678.27	447.17	380.41	48.00	97.97	8.75
misdon	4620.94	445.83	719.34	54.60	109.11	5.25
misher	8300.46	839.33	2091.48	190.20	578.72	29.25
mispet	8004.81	807.33	630.49	84.00	32.93	7.75
misten	8308.29	846.33	1333.74	129.60	302.65	25.50
mixice	6464.18	525.50	612.74	42.60	206.19	6.25
mobody	5112.54	473.33	527.26	36.00	93.24	3.00
modder	8440.49	879.33	2129.59	197.40	247.40	27.75
modely	6732.86	603.17	1516.14	86.80	315.97	13.50
modert	5984.39	541.67	866.23	73.00	194.59	7.75
modges	8781.16	1086.67	1260.75	178.00	120.55	23.75
modget	8064.82	831.83	890.99	89.80	126.97	14.75
momend	7940.64	676.67	1243.73	55.00	326.69	7.75
mommed	9490.71	925.83	2552.48	240.60	323.34	19.50
monema	4844.63	484.83	618.87	44.00	95.46	4.50
monral	4828.67	510.67	852.71	61.00	78.77	4.50
montem	8363.06	864.83	1485.86	103.20	315.13	8.50
montly	7148.45	640.17	1767.65	91.40	217.51	7.50
mooked	10202.18	968.83	2872.63	269.40	707.92	34.75
mottly	7549.26	615.17	2015.13	94.00	559.01	15.25
movied	10554.94	1011.50	2677.63	240.20	201.28	9.25
muture	6719.71	493.00	917.09	43.40	382.00	9.75
mysels	6210.09	696.50	714.48	55.20	326.72	12.00
mysers	5429.89	661.67	784.88	85.40	364.71	37.75
mysted	8635.89	838.33	2806.25	263.00	602.99	45.25
mystem	6576.76	678.50	1080.44	81.00	404.52	15.50
mysten	7202.82	726.83	1265.27	102.20	371.68	19.75
mystle	6510.55	485.00	1499.22	79.20	504.57	12.75
nather	8971.46	875.33	2654.22	180.60	1134.04	19.25
nathin	4995.29	458.83	1059.09	48.00	431.93	5.50
natted	10412.36	993.83	3381.20	284.80	730.79	53.75
natual	5188.02	459.50	939.25	50.80	223.74	4.50
neaded	9972.54	954.17	2623.17	259.20	266.16	25.75
neason	5411.90	487.00	1064.03	66.80	363.40	9.25
neaven	8218.17	814.67	977.38	88.60	190.29	15.25
neeing	6988.19	565.33	1961.52	142.80	1022.62	69.25
neemer	8697.51	846.83	1898.59	166.40	334.33	7.50
neemes	9137.06	1056.33	1169.00	154.00	280.12	6.25
nermit	5738.29	491.33	484.05	43.60	60.52	5.25
nigway	3410.77	382.17	265.14	25.80	45.78	3.75
nobour	4943.16	459.50	435.09	31.40	243.15	6.75
noders	6234.09	755.83	762.89	98.60	339.91	39.25
nodies	9672.29	1147.50	1074.96	164.20	199.38	17.75
noring	7185.74	621.17	2304.21	173.00	1118.30	74.00
norked	9793.47	961.67	2671.72	263.60	549.88	33.00
norket	8677.99	863.33	1134.26	102.60	263.49	13.25
nothor	5855.65	480.83	839.13	38.80	190.76	5.00
numbes	7445.89	970.00	1029.69	150.20	274.68	10.50
nummed	7995.45	818.83	2250.99	228.20	307.89	21.50
nummes	7596.31	975.33	1083.29	155.40	168.11	13.25
nummon	3502.58	347.67	675.65	45.00	211.63	7.25
objece	4239.95	313.17	464.00	19.20	65.78	2.75
obtace	4870.77	353.67	427.15	28.60	64.34	3.75
occent	4734.06	379.17	595.58	37.40	302.33	12.25
offail	2225.25	233.83	326.19	18.40	113.71	4.50
offans	4561.77	567.17	366.20	44.80	104.83	7.75
offect	3593.90	271.83	531.35	19.20	316.58	7.75
offies	8056.19	954.67	1082.83	145.20	265.04	15.50
olders	4919.65	642.00	603.93	83.60	280.20	38.50
opents	4123.55	596.00	595.86	72.00	238.27	12.00
orgure	5292.31	407.33	746.04	29.80	221.49	7.00
othern	3703.97	306.83	535.40	42.80	288.76	3.50
oxfory	3645.40	293.50	719.14	29.00	369.75	3.00
oxyget	5745.31	592.67	476.47	57.80	54.47	2.50
pacial	6163.73	618.17	756.52	66.40	265.49	9.00
pallen	8654.10	929.83	1225.86	132.40	427.38	27.25
pamily	7954.43	716.33	1224.41	95.40	294.82	9.75
papear	6191.30	650.83	454.06	55.60	115.34	5.25
papper	8748.35	929.17	1767.26	198.00	170.49	28.00
parber	9544.00	999.83	1947.91	201.60	192.04	15.50
parder	9840.26	1019.00	2193.30	226.20	318.15	28.75
pareet	10290.90	1029.00	1150.13	105.00	290.87	12.00
parest	7057.67	657.83	1104.45	109.60	230.49	27.00
parger	9741.38	1016.83	2081.40	223.60	286.13	24.25
pasher	9242.22	946.17	2163.41	204.60	583.10	32.50
pasuld	8387.45	699.67	828.89	54.60	335.54	3.75
pattem	9096.59	901.67	1736.88	119.80	475.29	26.25
peages	10217.89	1176.17	1633.37	188.80	60.24	15.25
pelays	6560.25	761.00	807.97	50.20	181.51	9.75
peoper	10234.61	931.33	2427.82	173.80	731.69	14.00
peoply	7799.56	599.83	2019.08	62.80	1080.80	2.75
peread	8574.19	739.50	984.07	57.80	231.20	9.25
perelf	7652.25	597.17	1269.92	67.00	353.27	8.00
perica	7043.93	588.83	1110.02	67.40	239.10	9.50
periff	6565.96	546.50	863.14	62.40	178.82	9.75
perind	9960.32	810.17	2157.15	131.80	413.92	16.25
pering	8430.92	680.83	2528.94	177.20	1258.23	79.00
persed	11056.99	1033.17	2709.37	263.40	366.46	23.00
perset	9941.51	934.83	1171.91	102.40	201.32	13.25
perves	10404.32	1157.67	1408.63	175.00	232.93	21.50
phosed	9499.70	884.17	2571.52	242.20	262.35	18.75
phould	7899.35	556.00	1523.28	30.60	888.54	4.00
phount	6487.07	452.17	1475.34	41.20	647.00	5.25
phreal	5297.63	486.83	760.02	53.20	124.85	7.00
piable	7183.45	612.33	978.57	79.60	120.01	14.25
pictim	4481.63	444.17	217.21	36.40	57.11	4.00
pictor	6024.06	549.33	387.17	45.40	171.18	8.00
piless	6396.62	786.83	442.98	54.80	114.00	7.75
pilest	5680.28	532.00	575.93	70.80	139.51	18.75
pilled	9422.14	961.50	2532.08	276.60	588.59	42.75
placks	4641.70	661.00	495.49	68.20	245.94	20.50
pladle	6825.59	563.50	1258.28	95.00	199.54	17.00
plairs	6903.96	825.00	618.74	82.00	176.72	10.50
planty	4852.08	515.33	747.23	72.20	232.91	14.50
plaved	8629.63	888.83	2308.51	247.80	240.60	21.25
plaven	7196.56	777.33	767.53	87.00	225.27	18.25
pleank	4273.24	417.17	391.34	48.60	78.93	7.25
pleety	4974.23	513.00	452.70	57.20	82.47	8.25
pocide	7654.54	635.83	654.58	41.20	225.55	3.50
polies	10770.36	1247.00	1389.29	181.60	389.96	22.00
poliet	10054.02	992.17	1019.53	93.40	301.54	10.50
polise	7937.46	678.83	871.83	76.40	247.42	12.50
pollet	8915.69	908.17	1244.54	118.80	425.52	29.50
polved	9589.30	963.17	2398.30	246.60	195.36	15.00
porger	9685.38	982.00	2088.83	204.00	226.28	20.00
pothes	10098.37	1117.67	1888.41	172.00	571.98	19.00
poudid	6384.96	615.50	653.30	51.00	80.02	2.50
pouner	9242.83	937.67	2296.67	199.80	255.42	13.50
pouply	6499.48	577.67	1686.67	80.40	212.85	4.00
pourse	6623.95	570.83	1124.20	59.00	573.44	7.75
pousea	7573.74	821.83	929.71	82.40	194.41	11.75
pousey	8551.78	905.83	967.16	88.60	196.58	12.00
poward	6740.09	618.50	593.01	49.00	128.97	7.50
powist	6369.21	565.83	606.52	71.00	75.79	9.50
praved	8900.39	925.33	2292.91	258.60	151.25	19.25
preast	4770.28	473.50	690.76	70.40	176.53	13.00
prigin	4096.85	456.83	581.89	60.40	109.44	9.25
pringe	6049.41	508.00	933.55	76.40	335.72	17.00
prings	5649.08	705.00	901.14	70.60	407.14	18.50
priven	7256.21	789.00	810.07	92.60	149.77	15.75
prould	7904.48	603.00	1500.81	52.40	751.87	8.50
proups	6004.67	674.17	1165.57	61.80	358.53	10.75
pubber	7323.57	811.50	1717.51	168.40	235.22	16.00
publen	7146.02	787.50	890.31	90.40	210.50	6.25
publid	5197.31	541.00	442.72	36.80	266.72	2.25
pubmit	3815.42	413.50	308.43	30.80	109.18	2.00
purent	6782.94	609.50	1159.42	76.80	288.18	17.25
racide	7356.77	649.17	549.09	46.60	152.76	8.50
raidge	6429.27	580.67	478.64	50.40	64.59	6.00
rainks	5982.87	798.33	625.24	77.20	117.69	14.00
raiter	9494.07	1006.17	2372.82	219.80	504.47	32.25
rastol	5492.34	546.33	706.89	71.60	81.33	10.25
rately	7628.09	670.00	1591.11	103.00	341.67	16.00
rathed	10199.74	974.50	3186.19	254.40	806.01	18.75
ratind	9009.96	780.17	2032.30	127.80	300.48	16.25
ratten	9368.88	928.50	1934.09	137.40	554.62	29.50
raturn	6293.01	528.67	946.29	54.20	359.72	5.75
realed	10482.70	1015.67	3163.59	295.60	651.80	32.75
realic	5010.44	493.00	1246.54	87.80	456.52	8.75
realth	5458.43	517.00	1223.42	75.20	461.32	7.75
rearel	8674.16	872.17	1305.14	110.60	364.88	18.00
rearge	7175.43	571.67	1300.01	89.20	350.50	10.25
reargy	6027.03	540.50	1182.31	81.80	352.12	10.00
rearth	5427.10	510.67	1238.18	87.40	314.52	13.25
reaves	9641.69	1128.83	1751.61	204.00	358.61	25.75
rebure	7188.05	521.00	1151.74	60.80	175.71	9.00
recama	4562.45	412.50	984.00	59.60	223.17	8.50
recame	6688.89	527.67	1171.01	60.80	299.38	9.50
recore	7705.45	559.67	1816.25	73.20	541.37	9.50
recort	6588.77	501.83	1444.78	67.40	358.07	11.00
recred	10141.32	945.67	2790.54	252.20	209.41	16.50
reging	6980.66	574.00	2265.66	164.60	1027.53	71.00
relice	8104.25	636.50	1265.11	84.00	354.56	11.50
relign	6607.33	552.33	803.76	67.60	88.42	7.50
reling	7364.80	613.33	2433.88	183.60	1005.29	74.25
remail	5090.12	472.17	816.04	58.80	172.04	7.00
remals	7723.44	811.00	844.75	86.20	173.91	12.50
remans	7426.64	805.50	856.05	85.20	182.67	11.75
remant	6710.30	550.67	987.47	74.00	179.07	10.50
remmer	9076.78	870.33	2236.26	195.60	166.70	13.75
remost	6271.51	478.83	1184.26	72.80	341.46	8.00
rendon	5726.53	510.17	1322.92	95.40	218.64	9.25
rengle	7995.18	625.83	1667.39	124.40	118.84	14.50
repack	4494.27	404.33	654.60	55.20	95.02	7.75
repare	6954.87	571.17	1100.03	70.00	80.58	6.25
replow	4645.02	417.50	731.08	59.00	120.58	8.75
repore	7325.98	552.17	1406.98	68.00	380.74	7.75
reself	6675.10	527.50	1190.06	72.20	359.69	6.75
resils	8880.83	902.50	1019.42	96.20	185.29	10.75
resing	7453.77	611.17	2474.55	177.20	1103.78	73.75
restee	10776.36	959.83	1515.96	127.80	276.57	23.75
resual	5550.81	466.00	1061.54	72.00	202.94	6.50
retern	7007.83	552.50	1086.46	96.60	117.39	11.75
rettle	9122.42	643.83	2321.88	123.40	841.18	20.25
rettor	7349.27	584.50	1396.31	83.40	306.39	13.25
reving	7026.96	561.33	2468.69	171.00	1202.16	75.00
revour	5920.18	486.83	797.63	55.80	173.96	10.25
rigoly	5848.83	512.00	903.68	65.40	23.66	2.75
ripect	4959.22	465.17	440.88	35.20	181.72	8.00
rision	5802.79	550.67	881.39	60.40	169.54	6.75
rither	8696.01	841.67	2624.75	174.60	1008.86	17.50
rourse	6270.18	549.33	945.51	55.40	516.34	9.00
rublic	2753.06	354.83	417.29	37.80	279.69	4.25
rudger	7235.94	816.33	1651.21	178.40	188.64	23.75
sacuum	5600.83	519.83	232.82	37.00	19.07	2.00
sadale	8436.72	742.00	1004.77	86.80	35.76	4.75
sainge	7860.16	690.33	783.01	65.80	279.90	11.25
saiway	6058.04	653.83	303.56	37.80	43.47	3.50
salled	10849.53	1112.33	2713.54	287.40	682.66	49.25
samily	8716.78	787.33	1171.10	89.60	296.68	10.25
sayind	9137.89	817.50	1577.22	100.40	346.37	7.50
saymal	5101.29	540.50	551.84	51.40	118.26	2.50
scally	6259.32	574.50	1098.65	72.60	272.63	10.00
schers	6105.35	703.67	772.82	94.00	417.89	37.75
scorge	6576.71	488.83	432.90	41.00	86.67	6.25
scotic	4918.69	435.67	313.07	48.20	41.06	10.00
scriod	8020.44	690.67	669.23	48.20	108.17	6.75
scrond	7956.92	643.83	1016.35	48.20	262.82	9.00
scrong	6427.52	514.50	1388.14	93.60	189.47	9.75
scylly	5529.21	475.33	950.08	62.60	146.92	5.00
sealic	6126.56	585.50	1110.83	71.80	306.48	9.50
seatus	8185.83	909.17	949.21	68.60	107.83	7.75
secale	9230.67	706.00	1629.10	93.60	254.97	7.00
secame	7805.01	620.17	1035.29	44.80	370.31	6.00
secess	8263.26	869.83	986.53	54.80	239.40	7.25
secial	7371.89	646.33	1189.45	61.40	375.44	6.50
secome	8176.12	601.17	1161.43	40.80	583.92	4.50
secore	8821.58	652.17	1680.54	57.20	612.30	6.00
sedams	7056.54	810.33	479.32	44.00	19.63	5.25
seeder	10349.05	999.33	2209.64	193.20	337.58	21.50
seemer	10203.22	985.50	2163.82	177.80	423.68	9.00
selper	10342.55	989.83	1979.78	188.40	109.39	13.00
seniet	11478.94	1074.83	1055.88	101.60	122.26	10.25
sented	11963.07	1114.67	3177.12	292.40	505.57	43.00
serson	7326.46	633.00	1119.76	70.20	315.97	10.00
sevely	8290.61	673.00	1446.63	90.20	262.85	15.50
sevent	8025.53	640.83	920.90	62.60	258.23	14.25
shands	6384.94	761.83	916.11	77.80	293.72	19.25
shawer	8802.12	884.00	1932.30	169.00	124.80	13.00
sheore	7341.77	559.83	1235.11	53.20	327.92	5.25
sheory	6193.37	528.67	869.20	55.00	116.28	4.50
shinge	6806.63	532.00	1066.38	70.80	408.77	16.25
shings	6406.29	729.00	1033.97	65.00	480.20	17.75
shoice	8375.44	626.00	1286.36	57.40	529.26	9.25
shoict	7258.76	568.17	1141.83	51.80	341.98	6.50
shomed	10183.99	937.33	2766.10	241.20	466.56	18.75
shoody	6231.94	501.50	909.29	50.00	363.46	9.00
shorns	7596.59	798.33	905.33	70.80	304.17	12.25
shosen	8828.98	843.67	1332.14	97.20	383.40	10.00
shotch	5985.04	456.33	926.69	56.80	309.94	9.75
shough	5753.25	391.00	1860.27	43.20	1263.92	7.75
shoult	7546.22	528.67	1668.61	45.40	972.93	6.75
shound	8364.90	621.50	1987.43	52.20	1072.25	8.25
shoute	7523.02	552.33	1514.73	57.00	716.11	9.25
shouty	6374.62	521.17	1584.66	60.00	708.47	7.75
showth	4967.46	412.17	994.45	42.40	377.45	5.25
shries	11247.52	1240.50	1513.34	187.40	215.85	24.00
sigged	9580.90	975.67	2351.32	253.20	112.83	32.25
sileen	9358.27	961.00	740.79	65.60	68.16	5.75
silled	10184.49	1032.50	2654.79	275.80	610.38	42.75
silmon	5425.20	532.17	691.26	53.40	86.09	4.25
simped	10073.06	981.33	2312.33	246.00	288.39	29.50
simpes	9673.92	1137.83	1144.63	173.20	226.83	16.00
sindon	5731.80	565.67	1036.11	78.40	277.33	9.75
sinken	8705.49	917.50	1079.71	114.60	113.21	17.25
sisily	8138.04	729.83	1299.76	86.80	209.74	7.75
skiled	9074.07	919.50	2232.45	246.80	372.60	33.25
skimly	5533.93	505.83	756.60	53.00	39.32	7.50
sloses	9597.29	1122.17	1142.45	180.40	262.99	28.75
sloult	7280.59	539.17	1105.64	40.60	344.79	7.25
sloupy	5748.20	480.50	878.71	41.80	104.57	7.75
slowth	4701.83	422.67	431.48	37.60	157.46	6.25
sluths	5929.36	731.67	237.79	43.60	89.57	10.00
smiden	7603.76	802.67	627.92	73.40	142.41	13.25
smoope	6531.76	485.33	223.57	22.20	72.95	4.25
snergy	5087.52	470.83	227.89	21.80	148.00	2.50
soarse	7833.65	698.17	730.29	53.40	179.03	5.25
socing	7972.55	688.83	2123.81	146.00	1156.54	67.25
soctor	7395.45	665.33	601.61	42.40	271.57	7.25
soffee	10023.35	938.50	333.48	37.80	97.43	8.50
sommed	10529.78	1023.83	2412.09	236.80	245.82	19.50
sorked	11299.18	1100.33	2774.10	269.00	530.24	34.25
sorlds	7597.14	890.83	617.71	59.00	37.57	5.25
sousia	4954.30	534.83	672.91	48.20	101.66	6.75
sovels	8536.86	909.17	741.96	73.60	152.96	16.00
sovent	7523.72	648.83	797.11	55.20	283.56	14.00
sovers	7756.67	874.33	812.35	103.80	310.43	45.75
sovies	11194.87	1266.00	1369.54	163.60	293.39	16.50
sovind	9170.67	791.17	1837.39	102.20	437.88	8.50
soving	7641.27	661.83	2209.18	147.60	1282.19	71.25
speate	5953.92	551.50	434.04	60.00	125.77	15.25
spenly	6072.36	541.50	1023.10	69.60	102.21	6.75
spenty	4932.47	507.33	593.06	56.20	202.20	7.75
sphers	6014.70	709.33	677.27	97.40	301.94	36.75
spings	5749.22	701.00	686.92	54.60	346.10	14.75
spiric	3727.71	410.83	342.31	49.60	68.46	7.50
spirly	5926.23	549.00	923.72	70.40	124.80	9.00
spoked	9586.64	915.33	2528.73	256.20	596.76	35.50
sporge	6486.06	494.50	434.75	46.00	102.25	6.25
sprase	6686.47	575.17	518.55	54.40	106.11	8.25
spreed	10458.12	1012.00	2378.03	229.60	273.41	9.50
sprian	6278.52	599.50	610.15	66.60	93.54	10.25
sprice	7776.31	631.50	947.06	66.60	297.82	11.25
spries	10590.45	1212.50	1276.19	182.20	238.74	22.50
squals	6388.66	745.33	218.96	48.60	82.74	14.25
squard	6007.60	554.00	242.28	27.60	135.30	10.75
squars	5608.46	710.50	376.57	62.60	87.25	11.25
staire	7955.39	665.50	1083.01	60.20	268.27	13.75
stally	6448.87	585.17	1477.40	92.20	439.90	15.50
stamed	9456.20	940.50	2517.90	250.60	350.44	26.00
starks	5654.16	726.17	789.55	78.00	215.53	13.75
starly	6417.53	578.83	1412.79	96.20	304.44	15.25
starmy	4991.88	493.00	698.49	61.20	210.40	13.00
stater	9390.89	942.17	2623.04	229.60	701.43	43.25
statle	8104.24	641.83	1754.11	106.20	602.51	19.75
stoled	10073.52	943.50	2540.85	269.80	324.13	33.25
stoner	9429.03	892.33	2067.59	197.00	158.99	19.50
stoven	8198.58	788.67	860.82	89.80	102.82	15.25
streal	5683.10	534.83	1202.56	77.60	385.14	15.25
strect	6408.35	534.67	1076.43	61.80	455.95	14.50
streed	10738.31	1017.00	2756.12	243.40	492.88	15.00
streep	8566.60	848.67	979.30	59.80	417.97	14.25
strelf	6538.37	529.67	1234.90	69.80	504.25	12.25
strely	7464.58	632.50	1795.53	106.00	553.71	21.00
strent	7199.50	600.33	1269.80	78.40	524.76	20.00
strief	9196.38	886.50	1061.27	85.00	319.42	16.25
stroat	6176.32	529.50	781.68	54.00	291.68	12.00
strony	6999.26	582.83	946.55	62.80	305.90	14.00
strose	7337.77	561.17	1124.17	65.60	352.73	13.75
strubs	6324.91	696.00	570.32	46.80	223.56	11.00
struce	7256.01	525.83	862.31	56.80	249.87	12.00
sublic	3869.18	447.33	512.70	42.00	279.36	5.25
sublin	4526.59	500.50	524.06	41.40	191.00	4.75
sudded	9289.63	964.00	2323.97	250.00	212.06	26.25
sumord	7299.18	634.83	869.81	45.60	106.73	4.00
sumoss	6573.54	767.83	697.70	37.00	238.92	3.50
sumost	5857.20	513.00	830.64	53.00	291.57	4.25
sureed	11084.11	1097.17	2644.19	240.40	263.64	10.00
surike	7978.80	707.00	768.55	60.80	195.82	7.50
surind	9192.24	822.83	2010.20	131.60	384.29	15.00
surner	9832.76	1006.00	2166.63	191.80	350.06	15.75
surnet	9555.97	960.67	1067.28	91.20	269.10	11.75
swelve	5339.94	459.17	188.47	23.00	66.08	4.25
synted	9746.75	958.17	2720.74	256.40	388.12	37.25
sysels	7249.16	794.50	721.67	55.80	329.34	11.75
sysely	6501.10	566.33	1302.55	65.00	464.56	11.00
systed	9674.96	936.33	2813.44	263.60	605.61	45.00
systes	9275.82	1092.83	1645.74	190.80	414.69	23.00
tablic	3903.06	458.17	492.10	48.60	200.18	6.50
tacket	8470.05	875.50	1021.65	113.00	272.21	27.25
takely	6637.10	610.83	1245.29	76.40	289.66	11.75
takina	5893.73	565.33	1231.80	96.00	334.93	10.25
takins	7619.83	877.50	1305.60	116.20	366.53	14.50
talers	7099.77	870.83	887.51	121.00	252.10	39.50
talled	9798.78	1022.00	2731.61	286.80	698.58	47.25
tallen	8365.71	910.50	1190.63	126.00	444.68	26.00
tanter	9627.83	1014.17	2619.81	239.00	569.11	38.00
tasies	10626.94	1260.33	1284.76	184.60	195.00	17.50
tauses	9067.45	1149.50	1173.40	183.20	254.90	30.25
tember	8991.74	867.17	1739.89	165.80	256.44	10.50
tenief	9470.28	908.33	525.57	70.20	120.09	12.00
teniod	8483.88	723.17	471.17	51.60	123.25	10.00
tenion	7050.80	611.67	785.03	70.80	188.46	14.00
terice	8881.98	684.67	1034.33	72.40	308.25	10.25
tesine	9049.75	702.17	1313.45	108.00	137.04	12.75
thason	4367.52	419.83	1120.13	60.60	244.49	6.75
thifle	6186.78	477.67	1371.02	76.80	182.27	5.75
thince	5818.54	454.83	1170.78	62.40	421.12	12.00
thined	9031.82	879.33	2837.88	257.00	575.59	30.25
thines	8632.69	1035.83	1670.18	184.20	384.22	19.50
thinge	5755.88	441.67	1124.60	61.60	570.46	14.25
thinty	4618.20	460.67	1033.85	68.40	409.46	13.00
thirly	5532.56	486.67	1329.00	71.60	278.13	9.00
thirth	3782.02	372.50	775.81	41.00	238.10	7.00
thirts	5140.74	680.67	897.40	84.20	263.11	10.75
thoman	4422.18	390.50	1007.65	48.00	264.56	8.75
thosed	9211.31	864.83	2931.34	248.80	436.71	18.25
thould	7610.96	536.67	1883.10	37.20	1062.90	3.50
thound	7314.16	531.17	2045.65	43.00	969.87	5.75
thowly	5667.25	436.00	1617.86	68.00	283.17	3.50
thring	6643.18	546.00	2411.21	162.20	1164.53	80.00
thrond	7472.60	587.17	1271.26	48.60	268.04	11.25
throps	5869.58	663.83	737.95	46.40	145.59	11.00
tighly	5380.63	478.33	970.86	63.00	169.42	5.50
tinger	8236.37	891.33	1929.12	208.60	321.22	30.00
toicks	5405.36	729.83	292.93	56.00	86.01	14.50
tonged	9684.09	989.33	2427.14	260.60	241.18	31.00
toware	6452.90	558.67	794.63	50.60	107.41	4.50
towbon	4381.49	426.33	476.32	48.80	33.58	2.75
towins	7607.05	854.17	1072.13	119.40	69.84	13.75
traing	6239.46	585.67	1985.80	169.00	1014.87	75.00
trient	5910.80	547.83	860.92	72.60	333.92	17.75
tround	7319.29	578.17	1658.41	59.20	622.87	9.00
truble	6064.35	505.17	1048.04	83.80	103.50	14.50
tugges	7711.44	1020.50	961.30	169.80	68.73	25.25
turice	7351.55	626.33	1167.25	72.60	437.32	12.25
turies	10165.70	1207.33	1496.37	188.20	378.24	23.50
turing	6612.09	603.17	2336.02	172.20	1292.09	78.50
turked	9219.82	943.67	2703.53	262.80	575.43	34.75
turnes	9221.57	1125.17	1391.06	174.60	348.27	14.75
turone	7442.71	603.83	849.53	59.40	231.16	8.75
twella	3740.43	351.83	268.40	24.60	80.57	5.00
twench	3214.07	286.50	498.17	36.80	187.66	9.25
twergy	3536.54	345.17	263.56	19.20	148.95	3.50
twiven	6196.67	681.17	504.45	61.20	70.01	10.50
typrus	3690.92	559.33	78.14	18.40	14.44	3.25
unater	7867.36	815.83	2263.10	208.20	458.14	33.25
unhool	3071.71	238.17	381.56	22.80	183.27	2.50
unimas	4044.42	600.83	398.46	47.40	162.61	5.75
uniond	6002.97	496.00	876.40	38.40	246.89	3.75
unione	6004.17	455.50	529.85	39.20	172.99	5.00
unises	7400.48	963.67	1196.09	174.80	227.44	27.25
unitem	6435.81	684.17	1039.49	85.00	291.14	8.00
unlice	5820.62	464.17	830.83	48.80	347.73	7.50
uphice	5004.12	376.83	588.43	29.00	198.29	5.75
usefer	6102.80	668.17	1450.49	138.80	76.34	6.25
vactor	5777.38	561.50	398.45	39.40	153.30	8.00
valest	5433.60	544.17	699.15	70.80	151.71	19.00
valked	8968.77	950.50	2564.40	259.00	536.57	31.00
valkes	8569.63	1107.00	1396.70	186.20	178.89	11.75
vallow	4027.30	446.67	716.39	64.80	315.12	21.50
vapsed	8601.08	929.83	2156.18	239.00	177.75	14.25
vently	7015.27	591.50	1396.70	89.60	185.83	12.50
vesign	6138.35	504.00	372.32	36.20	122.85	6.00
violed	9164.83	906.33	2180.73	243.80	288.08	26.75
voints	5740.48	764.00	652.52	86.80	163.55	15.50
volicy	5896.10	567.17	637.42	44.40	255.76	6.25
vottly	6914.27	574.50	1710.12	82.00	438.42	14.00
walmon	4727.79	487.50	824.13	62.00	111.42	6.25
walued	9824.91	961.17	2267.31	228.20	106.73	5.75
wandom	4408.32	472.67	797.33	66.80	261.90	10.50
wantal	5099.60	550.83	984.91	83.40	225.43	13.25
warger	9141.28	963.33	2102.22	214.80	252.29	22.00
warket	8877.25	912.33	1276.26	123.40	272.08	17.25
wassed	9387.70	974.33	2484.55	271.60	331.48	31.50
weader	9277.11	915.33	2149.82	198.60	234.67	27.50
weally	6962.64	599.17	1419.78	86.40	463.33	10.75
wealts	6570.82	793.17	908.82	90.80	267.99	9.75
weemer	8840.76	861.00	1863.35	166.20	298.55	8.00
wheory	4830.92	404.17	582.70	42.00	105.20	3.00
whound	7002.45	497.00	1700.92	39.20	795.98	5.50
winday	4437.02	495.67	640.45	62.00	178.21	10.50
wingen	7330.27	798.67	954.12	107.40	244.83	20.00
wintre	6584.23	565.00	1054.75	61.60	176.38	7.75
winuty	4907.01	482.33	572.89	59.60	124.68	4.75
wipily	6300.58	575.00	1005.01	76.80	135.99	7.25
wiside	6540.93	560.17	653.29	47.00	224.85	5.50
witief	8448.53	812.17	942.26	60.40	146.44	4.50
witter	9051.89	875.17	3007.79	220.00	972.99	44.50
wittle	7765.24	574.83	2138.86	96.60	978.76	16.75
wolled	9431.07	953.00	2642.43	267.60	567.20	41.25
wonday	5046.06	540.67	597.63	46.60	199.75	7.50
woners	6892.81	821.50	807.54	103.60	259.08	40.00
wongle	7247.04	601.83	1312.49	89.80	184.28	14.75
wonver	8311.27	876.33	1837.71	171.00	69.44	8.00
worger	9085.28	928.50	1949.26	191.80	275.06	20.75
wornal	5282.40	518.67	744.83	56.20	90.21	6.00
worner	9498.92	947.83	2077.88	185.60	304.28	15.50
wretre	6053.09	512.00	703.87	39.40	77.91	3.50
wriers	5832.04	739.17	767.37	110.00	282.04	41.00
wriser	7504.02	826.00	1942.43	198.60	117.01	14.75
wrisia	2835.68	365.33	366.42	45.80	81.55	7.00
yandon	4634.67	488.17	950.19	72.40	231.92	9.00
yeaven	7961.72	796.00	907.12	84.20	137.96	14.50
yelmer	8428.07	830.00	1689.45	166.40	95.62	8.25
youble	6345.33	514.67	1261.40	81.60	114.88	12.75
