STRING	N1_F	N1_C	N2_F	N2_C	N3_F	N3_C
abasses	6634.56	1255.29	854.72	220.00	169.19	28.20
abilier	7190.84	1202.71	1346.31	277.33	187.15	72.60
abseady	3997.31	489.00	349.24	29.00	186.83	4.20
abseume	3984.47	458.86	127.79	24.33	32.45	4.20
acalize	5875.53	810.57	563.26	66.33	107.59	10.20
accools	4788.78	857.43	285.70	51.83	106.87	6.20
accough	2902.28	306.86	670.31	25.17	468.12	5.20
acquing	6414.17	844.14	3047.62	361.00	1742.94	199.80
acquiry	5114.74	713.71	358.66	40.33	57.12	4.80
actobed	5687.04	920.57	1419.05	218.33	59.83	6.00
actoble	3947.45	504.71	299.25	54.50	100.01	11.40
advally	3476.58	496.29	636.40	78.00	265.10	13.00
advalry	3638.24	526.14	393.53	43.00	37.83	4.20
advived	5410.22	869.86	1586.57	230.67	110.57	11.20
affause	4059.31	452.29	829.30	28.83	497.00	6.60
affered	5839.82	904.43	1870.73	256.17	330.52	31.80
afferes	6349.64	1156.43	1089.84	221.50	193.72	22.20
afferia	2486.49	323.29	414.30	44.33	84.80	9.20
affical	2740.16	341.14	627.34	47.00	184.23	12.00
afrived	6545.91	988.14	1648.05	233.33	142.51	11.20
agaings	5080.14	846.43	545.40	44.00	412.96	18.00
agaised	6371.94	1013.57	1802.78	244.67	367.63	18.40
agaital	4009.03	509.71	759.65	41.83	300.65	5.60
alcorty	3880.13	507.57	424.16	39.50	59.83	5.40
algered	6212.73	992.14	1839.02	257.83	268.75	29.80
allough	3080.37	381.71	709.69	25.33	448.85	3.80
almoths	4304.39	805.71	153.34	28.50	6.98	5.40
alreard	5953.34	808.00	626.91	53.33	302.43	13.20
alreary	5585.10	715.86	794.75	65.33	284.01	9.20
alreety	5818.31	758.14	650.12	54.83	257.69	4.20
alrefly	4734.52	592.29	744.42	70.67	179.58	3.60
alreish	6305.26	805.71	656.80	61.67	315.91	18.80
alreive	6717.65	858.29	527.38	33.00	224.66	6.20
alrests	5539.57	946.14	649.33	90.00	201.88	13.40
alretly	5218.16	664.86	803.97	81.33	252.84	9.60
amerary	4311.10	617.00	505.33	76.00	87.97	7.20
amought	3367.92	359.71	796.70	22.67	631.29	7.20
amulion	4803.65	703.29	748.63	80.17	245.12	12.80
analine	7908.67	1065.29	2321.55	262.50	356.87	39.00
anclent	6206.67	792.00	807.91	83.17	266.68	14.00
anclure	4872.98	607.43	629.28	48.33	173.83	10.40
angaged	5905.48	954.14	1740.48	244.50	174.08	19.80
anglize	5322.43	755.57	688.38	62.00	120.41	7.20
aniffit	3016.83	420.14	342.28	34.17	70.50	5.60
animany	5319.55	709.14	570.74	53.50	194.15	6.40
anothed	7243.39	1069.86	2583.93	277.00	931.91	28.20
anothes	7753.21	1321.86	1803.04	242.33	882.52	32.00
anxiout	3675.76	458.86	687.90	39.00	265.09	8.00
appects	4299.29	795.00	421.76	78.00	136.52	11.80
apperal	3321.12	399.71	847.76	58.50	391.25	10.80
applage	3972.31	515.86	421.99	54.33	210.69	19.20
appords	4032.70	735.43	362.18	39.33	138.44	10.00
archaps	5143.39	846.57	345.97	28.67	205.19	6.80
arright	5003.21	560.86	634.04	34.33	324.64	7.40
arrious	6306.95	1015.43	693.69	62.33	371.52	18.20
artican	4412.99	535.71	382.57	51.67	145.92	9.20
artices	7501.42	1316.57	872.91	207.50	151.55	17.40
artions	7297.96	1137.43	600.04	87.67	218.58	25.40
aspeade	4142.01	491.71	367.91	36.33	118.99	6.80
aspeate	4309.70	551.71	355.43	57.17	112.57	16.80
assuing	6898.85	920.00	3058.97	364.83	1756.74	201.60
asycher	4677.02	800.43	1271.11	205.00	495.93	37.20
athwary	3632.50	477.14	398.88	48.33	75.87	7.20
attally	4307.61	584.14	670.81	80.67	285.92	14.00
avended	5693.56	949.29	1583.84	246.83	199.16	24.20
avening	7072.46	956.86	3293.42	386.50	2040.85	213.40
avering	7006.43	963.71	3253.08	399.67	1829.00	216.00
awfutly	3318.14	448.00	507.44	64.83	87.74	8.00
bagious	5320.87	1066.71	555.93	70.67	237.50	17.00
ballial	5888.45	966.14	1141.83	145.33	262.42	32.60
bapidly	4447.68	729.86	628.81	98.67	85.94	11.40
baticed	7103.97	1214.14	1780.15	279.67	164.31	17.40
becange	6056.54	690.00	1278.03	78.67	552.84	5.60
becauss	7001.52	1031.43	1528.79	64.17	972.43	3.60
becerts	6856.94	1050.29	1358.07	125.33	328.77	10.40
beciety	6754.37	858.00	1327.12	90.00	515.85	6.80
becless	7646.48	1188.00	1245.17	118.17	441.31	25.80
becohow	4457.67	536.43	895.02	49.17	316.77	4.00
becored	7866.85	1150.14	2380.99	278.67	485.97	24.60
becount	6903.87	786.14	1304.15	74.00	369.28	7.60
bectime	8133.22	1006.14	1369.10	107.33	335.22	9.80
becting	9772.56	1213.00	4253.18	443.50	2309.81	228.00
bectome	6565.70	766.43	1028.22	65.00	341.94	8.40
beleady	5950.38	720.57	926.98	60.33	240.23	7.40
belease	6707.54	807.00	1118.54	73.17	132.63	8.60
belfact	5282.96	659.43	864.49	57.83	143.85	6.80
belibit	5205.52	664.29	753.97	62.50	147.92	9.40
belivan	5181.00	639.14	799.55	72.00	156.03	8.80
belowed	7291.92	1123.29	2020.56	248.17	166.34	9.40
belpful	4342.81	552.14	710.88	57.33	137.46	14.20
beneady	6134.88	752.43	1045.07	67.17	290.71	5.80
bentrol	5902.91	719.14	1035.02	71.33	299.58	10.20
benuors	7021.13	1153.14	1273.82	162.50	81.60	11.20
besters	8451.82	1318.00	1862.25	291.67	657.06	131.40
betacle	6322.82	764.00	938.08	85.83	195.72	9.60
beticer	7550.39	1122.29	1644.40	204.17	250.83	11.40
betiets	7838.06	1228.00	1331.63	140.00	303.45	28.00
bettest	7668.62	895.43	1507.98	164.50	406.37	49.80
bettish	7947.41	969.86	1627.64	157.17	596.01	41.60
betture	7424.81	856.57	1334.41	95.50	484.24	21.00
betweed	8726.30	1275.86	2446.72	250.17	612.45	6.00
betwers	7641.10	1196.43	1779.10	231.67	834.29	98.20
billers	6578.34	1211.14	1223.02	266.67	522.19	115.40
bisital	4403.71	638.29	658.41	69.83	95.71	7.40
bizends	4974.44	880.14	456.37	51.00	132.70	10.60
blainst	4954.18	636.43	773.91	97.67	400.15	8.60
blaning	7899.69	1103.00	3487.80	427.33	2010.26	221.60
blegage	4252.32	600.71	361.03	57.33	136.43	16.60
blossed	6330.22	1055.71	1648.45	267.67	222.73	25.60
bloters	7112.20	1185.14	1296.04	257.33	541.92	120.60
bomptes	7482.31	1424.43	1206.01	277.00	159.90	17.00
bothing	8359.72	1127.00	3488.71	392.50	2092.34	206.00
boweved	6750.75	1082.86	1769.68	242.33	330.60	8.20
breater	6603.68	1083.57	1699.01	269.17	394.53	50.80
breence	5160.76	634.43	920.89	86.17	236.51	15.40
brieful	3863.24	501.71	680.79	67.17	253.14	18.60
briends	5634.21	941.29	999.30	87.33	377.43	17.20
brienus	5612.33	954.57	887.75	82.33	251.67	8.40
brigges	6942.94	1320.29	1191.01	243.17	199.10	22.20
brimain	4111.26	592.43	913.21	78.83	344.17	15.00
brintre	5464.57	767.71	950.22	91.33	271.33	15.00
bristal	4315.96	604.43	947.08	93.83	190.41	16.40
brithed	7643.20	1165.86	2762.09	306.17	800.99	34.40
brither	7064.25	1099.29	2107.40	239.33	1018.66	26.80
britied	9417.22	1456.00	2677.57	400.33	583.18	34.60
brities	9927.04	1708.00	1896.68	365.67	593.62	65.20
briting	8753.38	1162.86	4086.95	457.83	2438.81	234.60
brition	6641.36	909.57	1500.24	141.17	704.94	26.20
britort	5890.46	777.00	1000.44	90.83	450.78	16.40
britted	7760.42	1206.43	2444.93	331.33	658.99	63.20
brittes	8270.24	1458.43	1664.04	296.67	435.99	33.60
briumes	6991.89	1308.00	1117.99	230.83	199.07	10.60
brivate	4943.39	678.29	751.97	87.83	338.26	20.00
briving	7656.16	1046.86	3600.94	405.17	1957.48	208.00
brobler	6108.78	1056.43	1507.41	282.17	270.10	36.80
brobles	7197.54	1375.00	1381.20	314.33	320.07	63.20
broplue	4772.30	657.71	660.80	67.50	111.39	9.40
brotore	6461.66	825.14	1135.17	103.67	208.99	16.00
buicked	6196.82	1096.00	1575.27	272.00	192.64	34.60
burtain	5565.23	749.57	801.71	94.33	408.16	17.00
cabbutz	3253.12	585.86	195.95	59.00	24.81	5.60
cabrare	5352.87	878.14	525.28	89.50	67.27	5.40
candres	7591.56	1531.00	1086.44	283.67	147.10	24.60
capited	7190.10	1266.29	2014.63	321.17	427.66	51.40
caporty	4467.38	727.43	502.43	74.00	108.91	7.40
cappine	7816.24	1178.71	2001.43	273.50	223.94	40.40
carkets	7011.84	1297.00	993.45	184.83	189.21	39.40
carking	8651.52	1269.43	3689.58	462.33	2065.09	232.20
cassons	7198.11	1308.86	679.68	139.33	208.20	31.80
ceising	9340.49	1233.00	3311.22	391.83	1799.10	208.40
ceneady	6366.44	784.29	688.59	49.67	329.84	6.60
cenefic	4823.95	632.43	535.85	53.00	213.88	6.00
cenered	8607.37	1266.14	2147.24	281.83	491.95	33.60
centear	7393.69	995.57	874.35	87.50	257.04	14.00
centing	10090.64	1302.14	3883.87	443.17	2188.20	235.40
centure	7537.25	919.86	938.33	77.33	436.21	21.60
cergers	8333.29	1326.71	1329.86	236.33	476.06	104.80
cerhapo	5477.57	650.00	682.15	35.83	325.62	2.00
cerving	9605.08	1214.00	3545.39	389.17	1915.49	205.60
cervive	7986.68	997.57	763.67	56.33	217.59	11.00
chadows	5294.47	958.71	508.35	68.33	222.57	20.80
chaking	7985.76	1084.71	3472.82	417.50	2103.37	230.60
chammes	7058.72	1315.57	992.95	233.17	212.03	22.20
chancil	3974.98	542.00	558.85	69.67	296.87	17.20
chaning	8293.26	1117.86	3642.59	429.17	2197.07	225.60
chanked	6839.70	1101.57	1858.42	285.83	300.43	36.60
chantor	4613.43	683.00	637.47	77.67	263.47	19.00
chapted	7118.18	1137.29	2106.64	311.00	513.02	53.80
charten	6566.33	1033.71	1160.36	147.00	331.22	25.60
cheedom	3533.04	472.29	403.76	57.50	99.17	11.00
chequed	6356.94	989.57	1604.67	245.00	42.24	11.60
cherges	7080.07	1311.14	1027.50	236.67	114.48	20.00
chether	6908.84	1057.86	1766.54	221.00	832.36	23.80
chetice	7198.74	929.86	1059.80	114.00	183.01	12.00
chought	4119.90	459.43	1088.52	46.17	774.46	9.00
chutted	7365.22	1141.29	1932.80	305.33	330.85	55.40
cirpors	6700.21	1166.43	712.11	138.67	135.19	13.00
clainer	6709.03	1099.43	1317.37	216.00	239.49	21.40
claning	8131.24	1134.86	3588.13	428.50	2037.09	222.20
classon	3998.79	586.57	625.68	82.83	130.62	13.80
cleards	5243.69	920.00	675.60	68.67	282.09	16.40
cleated	6875.63	1134.57	2153.00	320.17	551.55	66.20
clemice	5996.71	855.57	523.53	69.00	116.72	10.60
clighty	3949.30	601.29	392.88	51.83	47.94	11.80
cloants	5575.83	984.86	639.42	109.67	144.01	15.80
cloself	4840.42	692.14	742.93	62.83	413.13	12.60
cloters	7343.75	1217.00	1396.36	258.50	582.04	120.80
clothen	6858.15	1010.57	1358.35	107.67	637.20	18.60
clother	6947.15	1078.57	1795.36	223.00	951.12	25.60
cloweed	7384.39	1179.14	1878.64	248.50	250.82	11.20
clunter	5906.34	1039.00	1444.37	241.67	282.50	37.40
coasses	8188.41	1518.43	1271.12	275.50	175.06	30.80
coasual	5333.19	722.71	921.96	103.50	42.17	7.40
coldent	7027.20	1003.43	1056.34	131.50	312.61	23.80
collest	6205.48	880.43	1231.75	198.67	247.05	55.00
colling	8515.05	1223.86	4046.04	485.83	2138.41	246.00
collway	4734.34	700.86	813.92	114.50	138.38	17.60
colowed	6822.93	1150.14	1942.26	278.33	169.95	10.20
comehow	4204.60	587.86	691.90	75.83	212.41	10.00
comeons	7596.59	1247.14	996.96	135.67	369.18	28.20
compase	5688.37	781.00	1041.13	104.00	229.30	15.20
complen	6372.75	1083.00	1113.75	189.83	220.21	23.00
concers	7232.02	1299.86	1527.49	282.00	610.10	115.40
conched	7414.36	1228.00	2536.98	350.67	473.15	66.00
concial	6454.32	968.86	1140.67	125.50	306.02	23.80
consing	8679.69	1244.43	3760.72	456.67	1971.28	225.40
conting	9390.08	1297.14	4154.46	489.83	2275.35	244.40
contion	7278.06	1043.86	1567.74	173.17	541.48	36.00
contral	5631.16	763.57	1360.55	120.83	553.93	23.60
controy	5889.07	808.86	916.26	102.00	390.58	20.20
contunt	7402.25	948.86	1139.55	119.17	318.06	19.20
conture	6836.69	914.86	1208.92	124.00	523.36	30.60
contury	6451.36	877.29	1253.22	129.33	446.89	23.80
conving	8292.86	1181.14	3652.81	432.00	1912.55	215.00
copeard	6167.21	912.43	770.26	101.17	82.55	13.80
cotices	8170.16	1467.71	1384.47	261.17	152.67	17.20
coucied	8898.42	1469.14	2285.64	376.67	277.70	20.20
cougher	6334.50	1106.43	1811.53	257.83	519.15	22.00
coughly	4788.52	719.57	1075.49	134.67	181.45	14.40
countre	5811.30	853.00	1150.78	112.67	443.90	16.80
coupecy	5544.35	803.29	814.24	95.67	159.63	7.40
courate	5603.40	833.71	935.75	130.00	262.80	24.60
couried	8980.01	1495.43	2402.25	399.17	406.09	34.20
courils	7733.14	1386.14	1028.81	160.17	217.80	17.00
courred	7291.31	1218.00	2196.31	311.00	373.14	31.00
couside	6960.79	995.29	1074.70	123.83	328.82	17.00
cousion	6277.70	942.14	1245.61	137.33	421.72	23.80
couting	9100.11	1248.14	4052.71	480.50	2142.53	231.20
covelow	3956.38	606.71	623.93	74.33	89.43	6.60
coveral	4677.61	617.29	1316.33	109.50	480.65	14.80
coverly	5286.75	713.14	1204.21	132.00	205.01	12.00
crample	5211.19	712.57	513.73	98.50	162.08	13.60
cranger	6847.06	1099.29	1224.95	230.00	225.80	27.60
crapter	6915.77	1135.14	1331.59	256.50	206.83	33.00
crawing	8343.15	1117.71	3215.71	406.33	1813.09	210.20
critify	6898.46	942.00	1055.29	128.17	340.57	19.60
cronomy	4864.72	652.71	521.60	68.83	75.72	8.00
crotens	8829.16	1351.71	1202.43	158.50	137.71	23.80
crovent	6857.91	875.86	899.54	103.67	259.13	20.60
cruelds	5519.96	980.57	297.13	53.50	29.40	6.60
cullage	5036.57	731.71	594.84	97.83	220.74	27.40
cullied	8576.02	1452.57	2181.30	382.50	334.65	45.20
cultomy	5010.51	716.71	236.53	46.50	53.44	3.80
cultury	5663.99	781.00	581.43	69.50	202.42	8.20
cuserve	4906.99	660.00	560.62	64.50	42.26	4.60
custain	5070.39	726.43	824.38	93.83	354.28	20.80
cutsion	6083.92	895.29	731.83	87.67	350.50	18.00
dagerts	5078.12	1044.86	605.54	108.83	69.95	9.60
dandied	8185.69	1507.00	1942.42	387.00	211.91	40.80
dandowy	3885.77	722.00	313.66	82.50	80.54	16.60
decause	6155.60	707.29	1465.28	74.00	999.72	10.60
deciter	7347.02	1134.00	1739.14	259.50	264.97	37.00
declege	6433.60	815.86	829.31	92.17	131.17	8.80
decomed	7116.27	1101.14	1991.87	273.50	195.50	17.60
decough	4501.47	510.43	1117.63	65.83	505.32	10.00
decrest	6325.86	806.14	1024.81	140.83	196.08	43.20
deelack	4676.41	640.57	519.57	86.50	57.30	5.60
defught	4301.37	496.71	822.41	54.17	476.73	12.80
delient	7601.24	984.71	1008.58	116.00	364.71	20.40
delieve	6331.38	827.14	758.37	84.50	272.54	9.20
demaing	8645.48	1145.71	3304.17	398.83	1781.32	201.80
demoved	6917.48	1082.57	1770.65	262.67	111.18	13.40
desenue	5757.39	710.71	615.54	81.17	85.60	8.40
despand	7055.28	969.29	680.97	92.67	195.87	12.00
despeen	7615.87	1168.43	835.57	95.17	295.77	10.60
despent	7271.43	951.00	895.07	111.33	335.46	21.00
dessile	7605.02	1050.14	867.33	149.00	193.29	22.60
destain	5789.07	746.43	1044.05	119.50	431.26	24.60
destund	7767.54	985.14	811.01	106.33	142.54	18.00
detting	9625.01	1221.29	4019.53	473.50	2231.46	241.80
diamped	6318.83	1109.29	1621.97	261.67	181.58	24.60
digular	3410.96	626.43	385.10	58.33	131.76	10.40
digured	6032.03	1046.14	1743.64	274.00	263.18	27.60
dillead	5399.70	878.71	603.15	104.00	213.20	20.20
disight	3948.20	551.86	693.41	58.50	337.43	14.40
dispent	6158.27	890.29	767.81	99.83	304.41	23.40
distard	5895.29	898.14	801.77	116.17	222.12	28.40
distent	7058.30	967.14	1110.00	144.83	446.45	35.00
disters	6985.47	1239.71	1474.58	292.33	714.12	132.40
docieve	5728.81	796.71	525.41	48.50	265.08	3.40
dolling	7930.31	1174.43	3649.25	447.83	2095.98	243.40
donight	4475.55	634.71	633.06	54.33	275.56	7.40
dounter	6225.55	1123.00	1557.08	253.00	425.54	42.20
drackly	4358.96	643.71	752.26	120.50	114.26	19.00
draffon	3390.95	504.43	417.43	71.33	48.51	7.00
draning	8085.06	1132.86	3520.66	433.83	2017.15	223.00
dravick	5068.49	752.57	431.33	80.00	113.54	13.40
draving	7705.75	1069.57	3297.45	405.33	1826.80	210.00
drearly	4672.62	651.29	922.41	108.33	218.20	12.20
drepect	4838.05	675.86	582.53	63.50	165.34	8.00
dreself	4593.92	686.43	866.55	70.67	479.58	11.80
driting	8400.20	1145.29	3964.60	452.00	2324.55	232.20
dritted	7407.24	1188.86	2322.58	325.50	544.73	60.80
drodlem	5355.39	954.86	728.99	147.67	120.91	21.80
dromies	8723.74	1594.00	1234.65	317.50	173.02	52.40
eaggand	5477.30	916.57	309.00	64.17	70.81	11.40
earence	5505.89	752.86	1031.29	94.83	339.97	13.20
earrily	6843.06	1066.29	1067.47	167.33	231.50	40.00
eashing	7443.78	1110.57	3249.23	392.17	1936.39	213.40
eassian	5736.53	929.00	541.61	93.50	168.00	22.60
ecoling	7080.83	968.43	3369.29	395.00	1924.98	220.80
educher	4690.20	832.43	1259.28	204.33	507.50	38.60
educied	7043.17	1189.14	1634.69	304.83	137.93	14.20
efficar	2699.11	411.86	369.77	33.17	138.93	8.20
elderal	3143.89	425.29	809.48	56.67	375.16	7.40
elderan	3299.34	445.71	525.73	53.33	179.11	4.40
eleaked	5826.19	991.86	1621.76	258.17	134.18	27.20
eleates	6796.60	1303.71	1269.36	277.17	305.52	35.40
embance	3356.67	431.86	430.14	40.33	165.89	10.40
embases	5626.16	1149.86	735.49	208.50	95.97	23.80
emprems	4427.20	878.00	244.11	48.33	67.16	8.20
encomes	6038.11	1171.14	804.04	209.83	107.90	9.60
endoing	6501.00	921.86	3052.69	371.50	1718.96	201.20
engared	5838.91	968.57	1727.36	258.33	242.56	23.00
englers	5448.07	1033.71	1053.51	232.00	464.63	102.40
enjural	2666.13	332.57	672.13	51.00	247.95	6.00
enrance	4838.43	583.29	522.93	60.17	185.57	10.00
enteful	3146.89	378.14	270.27	46.67	95.72	17.60
entempt	3496.53	412.00	245.73	36.00	99.04	7.00
enterie	4424.39	539.43	433.30	60.67	75.53	12.40
evarred	6109.27	1010.86	1700.56	256.33	191.64	23.20
evended	5408.06	931.57	1600.27	246.33	215.00	23.00
evenial	4716.73	683.00	783.44	69.67	186.31	7.20
evenine	6819.71	933.57	2004.85	236.83	432.61	26.80
everges	5986.97	1181.57	844.45	210.33	139.74	16.00
everies	7894.59	1491.14	1079.24	307.00	294.47	62.20
evoical	3122.27	396.29	560.29	43.67	132.92	9.60
evolled	5858.35	1011.00	1623.05	302.33	138.56	50.00
examber	4903.96	865.00	962.38	160.50	174.99	6.60
examped	5543.93	934.86	1733.02	246.00	301.83	23.60
excidly	3527.03	460.86	705.53	77.33	94.42	12.20
explies	7719.19	1455.00	1358.33	310.50	294.55	58.00
expling	6545.54	909.86	3548.60	402.67	2009.59	224.00
explits	5777.02	1076.29	972.47	130.00	187.77	14.60
extrare	4587.38	619.00	539.72	66.50	78.44	6.40
facause	5224.42	719.29	1095.95	51.83	730.33	6.20
fackine	7495.53	1116.00	2050.56	274.67	395.97	46.80
facturs	6427.53	1131.71	894.68	147.33	215.86	14.20
fadding	7079.96	1130.29	3244.52	413.33	1875.83	222.80
failude	4776.21	717.29	384.39	51.33	93.08	9.80
failurs	5783.77	1131.14	809.12	146.17	100.80	11.20
falfact	3998.58	653.86	446.49	56.17	74.20	4.80
farrest	6092.87	903.29	1032.28	166.00	250.17	46.20
farries	9576.09	1791.86	1458.06	360.67	403.55	72.40
fashine	7574.81	1125.14	2006.91	252.33	318.49	28.80
fashing	7542.06	1130.71	3311.91	401.50	1942.57	214.20
feeking	8524.49	1128.29	3329.83	397.17	2012.75	218.80
feelity	7212.79	995.00	874.83	94.83	265.64	12.40
feemium	5922.27	812.57	281.48	52.17	79.53	6.80
feertly	5648.07	758.43	740.73	99.67	152.18	13.20
feethly	6314.79	763.71	930.53	85.17	162.20	8.20
feeting	9549.91	1214.14	3646.12	426.83	2106.79	226.40
fiftern	5490.48	776.71	821.41	149.83	235.15	26.60
figuing	7151.06	1017.14	3189.56	382.33	1759.42	198.20
fillact	4379.81	632.14	691.37	89.83	187.50	17.80
finater	6347.62	1108.29	1492.19	262.17	319.94	41.40
findaux	3387.31	564.57	391.23	69.17	109.24	9.60
findown	3592.44	580.29	450.78	76.17	149.21	11.60
finuted	6644.89	1131.14	2071.57	312.17	490.40	49.20
firrese	6386.36	870.57	862.92	110.00	80.09	11.20
fistain	4770.08	672.43	942.82	100.50	397.14	18.00
fithing	7688.10	1040.43	3587.36	390.67	2089.60	205.80
flanged	6396.90	1055.71	1860.20	284.33	315.16	31.40
flasses	6793.90	1322.29	1009.08	251.83	230.42	35.20
flastly	4530.31	662.29	759.73	123.83	180.88	22.80
fleades	6508.95	1272.71	917.27	234.33	100.01	18.00
flostly	4317.44	616.86	633.21	106.67	140.39	17.40
flother	6456.59	1015.86	1710.03	223.50	926.86	25.00
foliets	6574.88	1191.71	819.11	139.17	223.61	29.80
folowed	6332.37	1087.43	1612.34	243.33	126.27	7.60
forders	7259.99	1273.00	1232.25	258.67	503.94	115.40
forkers	7193.24	1251.29	1298.92	258.17	622.15	117.60
forment	7251.47	973.29	876.59	102.83	342.60	28.40
forness	7357.73	1226.00	817.67	123.33	331.61	37.40
forning	8793.28	1209.57	3621.03	425.00	2190.95	224.60
forried	9391.08	1509.57	2174.53	379.50	422.92	44.00
forwary	5715.67	786.14	757.42	89.83	227.42	15.40
freased	6552.46	1073.86	1898.71	280.67	259.11	26.20
frement	6224.23	834.14	759.83	88.50	262.11	21.40
frigine	7450.65	1048.29	2093.43	262.00	204.75	29.40
friting	8494.38	1132.00	3963.25	451.50	2350.24	233.60
frivate	4684.38	647.43	628.26	81.50	249.69	19.00
frivice	5997.92	824.43	790.95	73.33	203.00	11.40
fuccers	6052.07	1115.43	1017.66	212.17	438.40	97.60
fundred	6313.12	1121.57	1769.70	275.67	302.62	24.20
furbols	5658.53	1050.43	379.85	81.50	88.30	7.80
furices	7569.29	1399.86	1086.58	241.50	173.60	18.40
furmish	5837.52	837.57	619.84	104.00	228.32	26.40
fursure	5644.54	762.86	665.57	76.17	212.00	15.20
garings	5826.12	1070.57	708.45	112.83	98.78	25.00
garious	5956.43	1119.57	956.28	113.83	354.37	22.00
garming	7942.47	1186.71	3393.66	433.67	1784.75	216.00
garress	6763.00	1248.57	874.52	146.33	275.13	35.20
genefly	5336.25	690.71	833.54	88.50	205.27	7.60
gentain	5794.08	745.71	962.73	76.83	470.72	16.80
genting	9396.18	1224.86	3899.07	444.17	2190.74	235.20
gentist	7957.78	1020.29	1326.44	159.17	290.11	23.00
gerhael	7478.85	1055.57	677.65	41.50	235.62	2.00
germise	7910.73	1010.14	1030.72	96.67	96.27	12.40
getteus	7686.06	1174.29	895.64	90.67	204.01	16.20
getween	7595.47	1095.86	1013.74	51.50	665.87	4.00
ghanged	6355.02	1024.14	1832.74	263.67	353.70	24.20
gightly	3760.42	577.00	554.61	82.83	150.55	15.60
glanged	6193.01	1041.14	1846.93	277.17	325.56	28.60
glaster	5872.40	1034.57	1356.37	255.83	248.91	42.40
glasued	6468.86	1061.29	1615.96	257.17	97.72	8.60
glother	6252.70	1001.29	1696.76	216.33	904.58	23.60
grached	6717.54	1088.57	2208.94	326.33	374.04	58.60
graging	7616.78	1079.57	3263.53	421.67	1835.39	220.00
graming	7653.24	1066.43	3283.60	422.83	1783.38	218.20
grapses	6938.93	1331.00	952.51	249.00	108.63	27.80
graween	6773.43	1060.14	758.15	82.00	369.21	12.20
greance	4588.90	593.29	845.24	85.33	288.25	18.60
greated	6719.73	1104.71	2262.77	337.17	583.78	68.80
grocess	6179.31	1056.57	897.70	115.83	288.78	25.60
grumple	3863.75	562.43	389.17	73.33	99.81	7.80
hanning	7834.15	1192.29	3405.30	445.33	2009.06	228.00
hapable	4405.42	696.86	391.35	86.00	133.48	18.20
hapards	4978.04	960.29	486.86	65.83	178.62	9.40
hapided	6290.96	1132.71	1676.82	266.83	227.23	18.60
hapital	3942.83	634.57	618.63	72.67	134.81	8.00
hapited	6676.90	1183.86	1952.73	310.67	398.59	49.20
happons	6228.24	1163.14	654.36	116.67	248.30	25.60
haretly	5587.44	811.29	1046.27	143.33	186.43	15.40
hathing	7753.26	1106.71	3509.17	408.83	1977.21	207.00
hauttes	7778.96	1491.57	1077.15	276.33	108.82	26.60
hazared	6307.54	1105.43	1664.57	261.67	198.91	23.00
heacher	7385.79	1107.86	1789.10	253.67	653.53	48.80
headent	7762.08	981.71	1044.52	110.33	385.23	26.00
headice	7582.55	987.86	974.06	102.83	253.61	18.60
heardue	5662.97	710.14	661.16	73.17	126.55	14.80
hearned	8095.79	1214.57	2090.73	290.17	244.97	28.20
heasted	8237.10	1234.43	2308.46	335.83	419.58	63.20
heathes	9340.09	1498.57	1814.11	272.83	533.76	40.20
heation	7828.44	990.29	1333.15	142.50	384.42	28.40
heliets	7252.80	1177.00	856.80	134.33	284.26	30.20
heliver	6899.01	1050.86	1149.62	188.67	229.65	13.80
hellity	7055.82	968.71	1085.84	127.17	309.05	30.60
herhael	7660.10	1050.43	648.40	48.33	264.99	3.60
hersely	7146.46	895.71	1231.38	120.33	380.91	15.80
herther	8499.97	1184.00	1966.03	232.83	852.40	22.80
hickers	6059.80	1090.71	1113.04	241.00	441.00	118.60
himilar	4024.84	657.00	466.12	37.17	248.14	6.40
himites	7187.63	1356.57	1284.47	255.17	255.70	18.60
himsely	5128.57	747.57	1077.01	86.50	527.30	9.60
himsent	6241.12	849.00	968.93	64.83	564.04	13.40
hisplem	5173.47	933.86	649.97	124.33	141.07	10.60
hisrups	4804.32	889.71	375.51	39.33	43.14	5.20
hissily	6178.05	918.86	994.84	135.67	182.17	32.40
hobblex	4836.99	908.57	472.88	135.50	101.85	29.40
holling	8001.84	1141.43	3760.12	448.33	2120.17	244.20
hollion	5889.83	888.14	1173.41	131.67	463.88	37.40
holoned	6750.80	1121.14	1758.69	265.83	182.71	20.00
honcher	6322.21	1079.00	1596.37	246.33	542.37	45.60
hontime	7237.54	1007.86	984.46	116.17	152.31	13.40
hoppose	4970.46	680.57	713.14	61.50	171.79	10.40
houcher	6032.24	1030.00	1624.31	238.67	537.67	40.20
hourted	6810.01	1163.43	2178.44	312.00	418.54	50.80
howeved	6469.11	1032.29	1876.86	237.33	416.12	7.40
howeves	6978.92	1284.29	1095.96	202.67	386.11	9.80
howlish	5620.71	805.57	935.14	107.83	289.38	26.60
hundage	4439.73	658.43	522.38	80.17	220.92	20.60
hundful	2883.60	476.71	353.05	63.50	145.77	14.40
hunding	7315.34	1086.14	3381.00	423.00	1986.07	221.80
hundles	6668.85	1395.00	1029.03	311.83	195.30	64.20
hunning	7556.10	1097.57	3390.27	414.00	2070.60	224.40
husbans	6134.00	1104.14	531.45	99.00	129.40	13.00
huscess	5858.21	1067.43	601.82	94.83	226.14	21.40
husping	7259.26	1046.29	3236.94	397.17	1813.72	214.60
imating	7782.20	1033.71	3534.26	424.67	2049.94	228.60
immence	3543.92	430.71	596.09	44.83	220.52	11.40
immeons	5625.68	959.86	469.92	78.67	213.45	20.40
impable	3272.53	461.71	317.48	68.50	132.18	24.20
implish	4316.10	633.14	783.49	100.83	263.20	29.80
impulth	2133.29	358.29	192.50	29.67	73.77	8.20
incause	4376.13	505.86	1102.07	52.50	725.75	6.40
inciday	3481.64	461.57	402.38	50.33	100.34	5.80
incieve	4649.89	600.29	586.80	55.17	238.19	5.80
incomed	5336.80	899.71	1628.66	252.00	128.54	13.20
indowed	4807.70	865.86	1504.65	233.17	81.50	9.40
inhange	3401.32	422.00	428.26	63.50	69.34	5.80
inquile	5158.13	723.57	402.58	85.50	65.64	9.60
instain	4009.60	545.00	859.69	94.50	414.57	17.80
instems	5593.93	985.00	694.47	105.33	236.34	16.80
insters	6319.17	1099.00	1417.47	278.83	685.64	126.20
instort	4748.78	638.29	709.51	94.83	285.03	17.20
insturs	5551.04	948.43	1067.28	175.67	258.75	17.20
invided	5351.93	910.71	1692.45	260.83	202.62	19.60
irevent	5877.25	769.86	679.07	80.17	240.79	15.20
issumns	4861.25	875.00	261.84	56.67	38.42	3.20
itadent	5744.76	784.43	670.56	76.67	260.21	16.60
itarted	6146.23	1044.00	2022.44	301.33	457.81	50.20
jangely	4738.28	835.00	789.55	133.33	108.16	17.40
jeating	9535.40	1210.86	3825.89	450.67	2075.99	231.60
josting	8357.09	1154.86	3657.43	450.33	2067.16	241.40
joulded	6112.42	1084.00	1669.99	260.17	126.27	18.40
kingive	5379.68	824.43	483.51	83.17	120.90	19.00
kithode	4279.30	540.86	682.10	45.00	296.46	6.00
kreself	4275.75	613.43	792.10	60.00	458.45	10.20
larrier	8289.30	1453.57	1538.49	329.33	330.68	87.20
larside	6849.03	1020.00	833.39	114.00	187.30	14.20
lassite	6290.31	1025.00	623.85	112.83	150.09	20.80
lasters	6969.42	1292.71	1376.46	286.00	624.51	129.60
laundma	2462.78	518.43	266.90	49.33	57.03	9.00
lauside	5947.39	943.14	501.81	74.00	203.16	11.40
leactly	5781.65	761.57	1046.64	117.33	293.23	16.80
lealing	9074.54	1202.14	3896.97	440.17	2120.18	231.20
lealles	8428.05	1511.00	1361.74	313.83	278.34	59.40
leatten	8104.17	1152.57	1211.52	151.50	213.32	26.20
leavice	7268.61	936.00	902.80	82.00	258.20	14.00
lebased	6907.72	1088.29	1613.69	253.67	136.51	16.40
leislex	6274.10	1018.14	430.90	117.83	27.08	3.80
lension	6579.64	913.71	914.73	102.17	290.81	21.40
liainst	4988.48	663.57	668.09	78.50	381.42	4.00
lifteen	6887.48	1088.43	664.70	74.33	224.09	8.60
limself	4199.98	649.43	773.44	49.33	554.16	7.00
limsent	6065.74	849.00	889.49	73.83	472.10	14.60
loasser	6411.06	1117.43	1048.76	206.67	115.81	16.00
lociend	7259.03	1029.14	669.37	71.50	175.65	7.80
lookise	6769.12	956.00	916.69	110.50	233.84	14.20
loories	9241.36	1692.43	1119.08	329.50	308.20	61.40
loycher	5515.89	976.86	1325.55	214.83	499.74	37.00
mallits	6925.08	1361.00	1170.91	196.50	250.65	36.60
mamaged	6464.44	1144.43	1671.43	274.17	159.89	19.40
manalip	3482.67	682.43	452.32	90.67	102.91	12.20
manking	7543.22	1182.00	3411.04	450.67	2001.12	231.80
mantral	4809.72	734.29	1015.76	111.33	360.91	18.00
manuted	6726.62	1220.29	2050.41	336.33	424.62	53.00
marival	4531.27	676.00	992.51	117.67	150.33	14.60
marther	7491.17	1232.14	2014.08	272.17	832.37	33.80
massion	5631.50	934.71	868.44	121.00	376.11	32.00
matists	5390.83	1069.43	680.59	141.67	105.86	20.40
mattles	8041.26	1545.29	1221.21	336.67	190.53	68.60
matural	4079.78	611.71	882.85	91.50	324.55	10.00
meaders	7705.82	1277.14	1448.37	257.00	533.17	109.80
meanged	7995.33	1197.29	2183.60	289.50	316.32	25.80
mearnel	7288.97	1082.43	878.95	98.00	177.46	14.40
measses	8392.34	1463.86	1332.48	257.00	234.73	31.80
meatish	7926.25	997.43	1306.83	154.17	326.63	32.20
meddent	6879.56	910.43	700.66	96.33	253.58	22.20
meepity	6997.22	962.71	616.65	76.67	165.15	11.40
meepper	6667.95	1058.57	1107.74	193.50	166.46	22.40
memails	8150.56	1319.43	450.50	79.67	120.27	7.80
mesping	8579.25	1138.57	3369.29	402.33	1842.10	216.40
mestery	7308.69	946.14	1358.49	206.83	346.21	51.40
mesture	6925.89	833.14	964.00	98.33	330.61	25.60
metters	8420.59	1286.00	1570.13	267.83	647.38	127.40
metting	9713.12	1211.14	3948.68	450.83	2233.89	241.20
metures	8349.03	1387.71	1186.73	230.67	135.91	18.60
micting	8394.32	1124.57	3675.80	436.00	2083.56	227.60
milence	4714.13	630.43	770.30	72.50	280.02	14.00
millage	4730.19	680.86	760.36	108.67	340.14	30.80
millish	5575.02	839.57	1103.90	146.67	475.26	48.00
millogy	4228.86	632.00	507.95	85.33	179.87	20.60
mimsely	5145.15	770.43	1082.02	101.67	422.05	10.20
mindows	4764.14	970.00	500.96	88.33	167.92	19.20
mingelf	4318.89	706.43	740.53	91.50	291.41	16.20
minging	7404.36	1103.71	3364.91	429.00	1894.37	224.80
minnion	5650.90	875.86	931.17	116.83	322.97	28.40
minture	5927.45	799.57	910.50	95.17	336.11	20.20
miscler	5765.31	1072.86	1202.04	265.33	94.59	26.00
missons	6613.67	1163.29	746.89	125.67	216.14	33.00
mistory	5499.15	784.57	970.28	120.50	283.60	22.60
moating	9256.48	1261.43	3567.32	441.83	2032.30	230.00
mocause	5543.16	692.14	1107.02	48.83	711.46	5.20
moddiss	6834.32	1258.43	577.44	112.00	29.54	13.20
momehor	4344.95	650.86	362.18	44.00	106.72	3.00
momeons	7099.96	1187.57	666.50	100.67	278.15	21.20
moretic	4722.08	668.29	655.28	85.17	142.00	14.00
morkers	7187.18	1254.43	1298.37	258.17	592.19	111.80
morkety	5961.96	863.00	800.28	104.67	287.98	14.60
mortain	5903.02	786.29	951.64	92.33	423.59	15.60
morward	6077.85	881.43	589.03	77.83	215.88	13.60
muffity	4958.31	799.43	328.19	64.83	94.77	19.80
mundred	6307.06	1124.71	1740.18	279.00	297.20	22.60
mustrol	4219.69	594.86	521.63	72.17	162.51	15.40
mystory	4642.63	646.71	697.35	82.50	211.90	12.40
nagnals	5092.66	1052.43	226.74	66.33	65.05	13.40
natcher	5896.35	1053.00	1473.06	236.83	638.54	51.20
natione	6415.80	905.00	652.61	81.17	195.46	11.40
natting	8451.02	1188.71	3744.72	455.17	2210.48	245.80
naturam	3546.72	541.00	461.85	52.17	154.24	6.20
natured	6577.11	1113.29	1763.66	269.67	335.69	29.80
neiteme	6807.03	832.71	576.93	64.67	83.28	3.60
neitish	7286.74	909.43	1020.07	122.00	403.28	26.20
nerfary	6058.43	758.14	773.45	77.83	100.50	6.20
nerizon	5155.67	600.14	707.22	69.67	56.67	3.80
netters	8183.86	1238.29	1482.29	264.83	638.85	127.60
neuting	9067.31	1145.86	3451.56	415.83	2014.44	226.00
notacks	4992.46	896.57	348.51	41.00	168.14	7.60
nothode	4861.46	611.71	742.78	44.83	402.73	7.00
nothoom	3726.59	515.14	671.34	44.50	398.58	7.40
nothous	5332.31	931.57	950.39	62.83	629.49	17.00
nothout	4458.28	571.71	938.65	51.83	626.16	9.40
notinst	5112.42	639.14	837.03	83.33	399.60	5.40
notisfy	4160.95	572.29	407.09	47.00	175.79	4.80
nottent	7556.13	960.71	1094.85	113.00	417.54	30.80
nuarter	6061.03	1080.43	1357.40	232.17	254.69	30.80
nuccest	4792.23	652.57	618.24	93.83	225.83	31.60
nucking	6941.92	982.29	3306.20	407.83	2019.72	229.20
nuclude	4208.59	537.14	291.76	27.67	102.78	4.20
numough	2842.90	380.86	628.91	34.67	410.26	3.20
numpany	5056.68	717.43	397.30	61.33	158.42	9.00
nurther	6976.39	1089.71	1771.55	226.50	804.57	22.20
nurvice	6169.07	845.71	650.57	65.17	153.85	7.60
objests	3465.63	700.86	358.62	76.50	64.74	12.40
obliefs	4599.80	876.86	279.16	30.00	82.55	4.40
obvinst	3205.78	380.71	586.77	66.00	286.04	3.00
obviser	4425.67	793.14	929.02	180.83	69.64	12.20
octical	2971.00	379.00	624.10	50.00	172.72	11.40
octiced	5705.07	928.29	1611.58	237.17	141.41	13.00
octiets	5413.79	967.43	644.12	106.17	169.36	25.80
octobee	5232.23	826.57	84.99	20.67	44.06	2.40
offaing	6283.81	853.57	3093.55	359.33	1788.14	200.40
offands	3623.05	683.71	447.67	42.83	167.52	11.40
offects	3612.02	711.00	483.76	74.50	178.55	11.60
offents	3899.70	739.43	682.50	91.67	263.59	18.20
officed	5002.33	851.00	1629.74	233.50	184.42	13.20
offilar	2704.80	458.57	298.34	27.83	150.25	7.80
offorts	3513.11	711.43	467.62	80.00	133.32	10.80
olymers	4747.40	940.57	829.82	200.00	378.98	96.80
opectly	3414.72	504.57	639.76	71.00	195.34	11.20
opinish	4659.86	673.71	665.14	96.17	217.86	27.40
opintry	3734.42	562.71	555.83	59.00	207.74	7.80
oppeath	2921.71	407.57	311.52	37.83	65.70	5.80
orching	7245.00	942.43	3137.29	367.67	1882.46	205.20
outsing	7420.69	1044.00	3317.95	402.17	1953.73	218.80
outteen	7255.82	1116.43	907.31	105.17	343.21	28.80
outtier	8215.97	1323.29	1645.88	327.50	306.85	95.80
outtime	6491.75	889.86	825.87	115.67	246.56	32.20
outtine	8163.84	1091.14	2404.95	302.67	597.07	65.00
outtion	6019.07	843.43	1123.23	135.17	487.28	42.00
outtled	6974.78	1153.57	1872.24	345.67	249.25	71.40
outtler	6395.83	1087.00	1217.55	278.83	177.09	45.60
pailion	6012.82	999.14	1034.98	117.67	335.40	22.80
pailude	5056.62	762.86	449.67	63.50	89.81	9.20
paitish	6784.59	1024.86	1183.66	146.50	407.86	27.80
palence	5088.42	758.86	785.72	87.83	219.47	14.40
parfare	5941.61	911.14	850.36	112.67	160.63	11.80
pargelf	5304.85	862.71	907.81	108.50	315.73	14.40
pargers	7097.78	1334.86	1388.44	280.50	533.45	113.60
parious	6440.74	1179.71	1095.88	126.50	431.68	27.40
parived	7551.82	1267.71	2108.62	304.50	247.78	22.60
pariver	6972.87	1201.14	1453.93	237.67	306.45	22.40
parrupt	5047.55	736.14	646.16	97.00	167.47	18.40
partans	8540.76	1410.71	1114.64	166.00	223.81	28.60
pashing	7822.47	1176.29	3377.19	413.67	1959.10	215.80
pateral	4756.91	693.57	1107.31	104.17	402.64	13.80
pedried	9224.31	1462.00	1909.74	349.67	222.55	24.80
pendage	6046.21	793.14	707.27	96.00	154.68	23.40
peneral	5663.16	699.71	1200.79	95.50	514.22	12.20
penerly	6272.30	795.57	1088.68	118.00	238.58	9.40
penying	8653.66	1156.57	3328.00	394.33	1760.82	204.40
percher	7937.49	1177.14	1722.46	246.00	646.15	46.80
perhael	7963.16	1115.71	691.90	54.67	348.87	8.00
perieve	7502.15	919.14	923.45	81.67	313.43	12.40
perions	8949.67	1335.71	1045.68	129.83	398.33	32.20
perised	8627.59	1272.57	2076.30	296.17	295.23	27.00
perside	8352.83	1060.00	915.31	95.33	362.22	18.40
persing	9781.77	1260.14	3672.93	425.50	1995.54	217.40
persone	8247.00	1014.86	844.29	95.00	292.69	14.60
persued	8806.31	1263.86	1895.87	264.33	222.73	12.60
perther	8803.02	1249.29	2009.53	239.17	936.27	27.20
perving	9394.94	1196.86	3574.84	403.33	1993.56	211.40
pharing	8017.08	1107.57	3437.03	419.00	1875.00	220.40
physial	5026.44	718.57	616.99	63.67	81.81	6.80
picided	6801.45	1121.00	1698.67	260.00	228.30	18.60
pictied	9344.64	1460.14	2164.12	375.67	239.38	29.00
pithods	5464.78	952.71	741.62	61.17	293.72	7.00
plamble	4401.48	644.71	506.71	89.83	152.44	20.40
plapped	6342.07	1078.29	1759.03	275.83	300.05	38.00
plashas	5417.58	978.43	357.96	77.33	132.73	17.20
plastes	7445.48	1413.29	1276.34	293.83	229.33	35.80
plasury	4989.90	697.86	708.10	88.33	186.45	13.80
plavice	6142.55	862.86	626.20	73.67	200.93	15.60
plearly	4508.66	636.14	791.64	97.50	180.63	9.60
pleelty	4300.68	655.57	402.93	56.67	43.64	7.20
pociety	6075.22	867.71	677.15	81.00	281.35	5.00
poilude	5381.43	732.57	291.46	50.83	61.75	5.60
poiners	7129.74	1285.71	1020.41	249.50	422.60	103.00
poining	8422.27	1210.86	3346.92	418.17	1997.10	216.60
pollike	6608.41	990.43	767.61	113.67	197.91	29.00
pooking	8304.67	1172.57	3362.66	422.67	2093.31	223.60
poppors	5909.25	1110.86	811.57	161.33	173.12	17.40
popully	4667.89	726.00	614.52	93.33	173.31	8.60
popults	5360.46	1052.71	446.06	98.33	91.29	5.20
postead	6947.22	1012.86	647.20	105.17	214.95	20.20
postlem	6789.18	1131.71	615.87	160.50	118.40	23.40
povelop	3746.35	593.14	255.63	44.67	92.24	6.00
prassed	7103.05	1163.29	2051.09	304.17	226.56	24.60
preally	4915.76	724.71	1241.66	129.00	417.13	25.40
preamen	6106.80	971.00	974.64	101.17	206.15	25.40
preards	5572.10	950.29	997.20	91.50	364.71	23.80
preared	7172.14	1137.00	2253.67	299.17	405.45	37.20
preassy	4726.60	637.43	713.41	71.00	212.08	17.40
prectly	4780.95	686.71	1059.32	114.33	222.56	19.60
preedom	3699.43	519.57	652.00	72.83	198.63	15.40
presers	6761.45	1190.86	1590.44	255.50	587.99	108.00
prether	7075.23	1105.14	2014.78	236.33	851.17	27.80
priffed	6138.62	1042.86	1961.13	267.17	88.47	16.20
pritach	4950.36	639.86	1074.90	88.67	312.09	10.80
priting	8774.79	1177.57	4207.85	464.83	2371.91	235.40
privand	6241.71	882.14	918.40	88.17	223.18	11.40
probler	6130.18	1071.14	1628.31	289.17	404.77	43.40
prolege	5978.91	792.86	944.03	100.83	252.70	15.20
promals	5890.12	1036.57	906.14	104.17	315.41	23.80
promish	5893.89	812.14	1015.88	118.33	395.40	34.40
proogns	6701.70	1085.29	850.21	108.50	219.06	16.60
propors	6075.77	1069.57	1364.19	180.17	327.46	25.00
prothed	7854.51	1175.43	2909.58	316.50	908.87	41.20
prother	7275.56	1108.86	2254.89	249.67	1126.54	33.60
prouble	4918.12	646.86	1111.59	104.83	433.27	25.80
prought	4286.29	506.71	1417.98	70.00	923.51	21.40
prouted	7122.68	1124.86	2623.47	328.67	654.00	62.00
prouten	6454.73	990.29	1531.77	146.50	403.35	25.00
prouter	6543.73	1058.29	1968.78	261.83	495.46	44.00
pulcolk	3645.72	623.71	150.02	43.83	21.31	4.80
pullead	5584.04	902.29	492.54	93.00	125.65	20.60
punding	7618.40	1151.43	3368.21	427.67	1938.38	223.20
purlies	9671.86	1747.14	1393.12	338.83	251.21	60.60
purself	5392.88	793.43	826.69	77.83	427.82	13.40
pyjamin	2462.93	366.00	177.42	18.83	21.71	2.00
qualing	7554.06	1088.43	3511.10	408.50	2032.09	226.60
qualoor	3963.51	663.43	288.70	52.33	72.76	6.20
qualyse	4303.25	605.43	526.90	38.83	69.42	5.40
quarier	7545.53	1310.57	1319.10	287.17	270.74	81.40
quarned	6399.92	1100.86	1730.24	259.50	183.39	20.60
quarted	6467.69	1127.57	2035.90	304.33	452.07	52.40
queedom	2766.46	431.57	207.28	36.50	76.21	7.00
quicish	4945.50	748.43	537.77	75.00	242.69	26.80
quickle	3783.14	585.29	426.18	73.17	175.54	17.40
quintes	6640.76	1332.43	1246.84	272.17	211.15	28.40
radicon	3396.42	609.71	399.15	65.33	49.15	7.60
rapable	4410.56	728.29	363.28	80.83	125.02	18.80
rassive	6113.69	980.14	579.13	92.17	179.81	22.60
raughts	4648.22	1025.57	395.87	98.17	61.49	10.40
reachen	7301.94	1071.29	1635.50	176.50	429.83	41.00
reactly	5962.18	793.00	1304.69	154.50	337.04	16.60
reaftes	8302.89	1464.86	1687.42	315.83	201.98	20.20
reanday	5569.87	728.29	1008.43	122.83	186.58	12.80
reanned	8166.96	1239.14	2343.99	324.67	274.63	24.00
reapted	8052.61	1241.71	2534.40	355.00	494.87	48.00
reassed	7871.09	1220.43	2357.53	330.67	389.74	27.60
reatory	7078.64	904.86	1269.21	145.17	321.27	17.20
reature	7392.21	892.71	1257.76	131.50	424.50	22.20
reavice	7449.14	967.43	1160.85	119.17	302.01	13.80
recause	6232.28	705.71	1638.59	90.33	973.03	10.60
recence	5913.85	674.29	1201.90	102.00	241.93	16.80
recient	7775.90	957.71	1373.52	124.50	359.51	20.80
recting	9496.06	1193.86	4166.07	472.00	2084.37	233.00
redical	4463.58	581.57	974.63	106.83	180.22	16.60
refends	5937.28	939.29	914.70	100.00	212.78	16.40
reflege	6070.67	781.29	695.00	101.17	74.46	7.60
refusee	6860.36	1013.29	642.83	101.33	106.05	16.60
regrems	6294.07	1095.71	585.64	92.50	70.88	9.80
reliets	7257.94	1208.43	1140.22	172.50	297.36	32.20
remanel	6838.04	1006.00	765.64	106.00	117.30	8.80
rembers	6897.75	1174.86	1373.15	267.83	561.41	103.80
remired	7764.22	1168.86	2010.79	297.67	240.81	27.80
renefly	5522.64	717.00	1087.72	133.50	139.75	7.80
replage	5634.68	715.71	779.69	106.50	224.43	23.40
replany	6706.19	871.86	735.84	102.50	143.59	13.20
repling	8510.29	1143.43	3775.54	448.67	1987.15	226.80
resight	5138.05	611.00	993.98	86.33	330.86	14.00
ression	6645.43	918.00	1180.65	140.83	401.41	32.00
resters	8175.32	1298.86	1775.14	320.17	702.17	135.00
resumpt	4536.70	557.29	651.73	81.33	112.88	9.00
resural	4859.87	599.29	1149.95	108.50	314.46	12.60
resures	8103.75	1400.57	1344.95	274.33	162.95	24.00
retween	7781.86	1122.14	1267.91	96.50	634.25	8.60
rindres	6995.69	1394.00	1014.86	251.00	150.12	14.20
roastic	4210.02	671.86	273.77	75.33	70.44	15.00
robanic	3359.42	544.43	217.87	57.33	20.70	6.20
robbles	6573.45	1381.29	864.15	298.17	160.70	69.60
rundred	6295.62	1133.29	1768.47	275.33	334.05	23.20
runtrol	4322.99	630.57	501.16	51.00	226.67	5.80
rusbant	5265.12	775.71	556.71	71.83	138.99	12.60
russing	7454.03	1101.86	3368.93	412.17	1881.79	220.20
saisual	4708.11	761.29	528.48	67.50	38.84	4.80
salided	7103.92	1298.14	1696.68	281.50	178.40	21.60
saltury	6044.55	924.29	625.06	88.50	178.10	12.40
sanging	8091.30	1297.86	3205.82	438.17	1823.19	224.00
scarges	7157.67	1376.43	924.56	229.83	92.33	18.60
scherai	3079.26	437.57	526.78	48.33	179.67	6.40
schoved	5408.09	946.00	1572.64	233.17	120.25	9.40
scients	5321.32	984.86	676.61	103.50	250.32	16.00
scraner	6717.18	1093.57	982.94	203.17	67.06	15.60
scready	5200.03	672.86	527.30	46.33	257.91	11.00
screets	6826.14	1166.57	654.59	114.50	111.55	30.00
scrents	5972.74	1029.14	782.81	114.67	222.96	21.00
scrided	7044.88	1144.71	1700.03	264.50	175.87	22.20
secause	6842.85	805.29	1456.84	60.00	982.58	7.60
secount	7237.93	866.57	1035.29	72.17	153.40	9.60
sectain	6504.52	814.29	1047.98	74.33	346.85	12.00
sectime	8467.28	1086.57	1100.24	105.50	119.33	11.80
seelthe	6255.21	822.71	409.21	51.17	70.69	5.40
seepped	7846.03	1233.29	1824.84	269.00	245.81	31.00
senting	10193.14	1350.71	3971.49	458.83	2129.27	235.40
senture	7639.75	968.43	1025.95	93.00	377.28	21.60
serhael	8275.81	1181.43	750.07	56.17	285.86	4.20
sersone	8559.65	1080.57	902.47	96.50	229.69	10.80
sersors	8105.52	1299.86	1177.74	173.50	188.76	16.00
serting	10804.81	1378.57	4047.25	459.17	2161.68	233.20
sevelow	4759.44	660.29	453.76	48.50	179.60	8.20
severts	6782.38	1093.43	943.93	120.83	294.85	17.80
shanins	8921.25	1467.43	2309.38	307.00	408.91	36.20
shapped	6816.74	1127.00	1780.21	275.17	282.46	36.60
shapted	7220.69	1185.86	2020.93	308.83	396.03	49.20
shellus	5231.72	1012.00	408.52	65.17	31.13	9.40
sherage	5040.93	696.43	569.59	88.67	218.45	25.40
shether	7011.35	1106.43	1680.83	218.83	821.93	22.80
shouble	4854.23	648.14	696.42	78.83	316.66	15.60
silling	8204.94	1216.71	3720.10	445.17	2157.29	243.40
simself	4991.07	780.43	821.79	49.83	565.90	7.40
simseli	4882.25	782.00	695.03	50.50	412.70	6.80
simsers	6784.00	1252.57	1302.43	221.83	600.59	97.40
sinuter	6659.01	1175.86	1405.98	244.50	278.28	31.00
sinutes	7747.77	1494.43	1279.78	276.67	213.83	19.40
sipling	8007.68	1182.29	3469.37	410.33	1932.19	220.20
sithing	8281.16	1151.71	3576.47	389.83	2115.15	205.40
sithous	5755.56	1031.71	953.29	70.33	530.87	15.80
sithout	4881.53	671.86	941.55	59.33	527.53	8.20
sixedom	3387.45	529.57	212.57	26.83	65.73	4.40
sixting	8452.39	1178.71	3520.58	417.00	2035.39	224.80
skilway	3682.55	563.86	154.40	33.00	49.75	10.00
slanges	7499.78	1419.00	1061.24	247.83	241.52	28.40
slother	7049.65	1127.14	1691.96	221.67	906.51	24.20
smokish	5395.97	784.29	612.43	82.17	240.45	23.60
snatins	9497.78	1527.00	2232.37	309.17	364.55	44.80
socidly	5401.79	789.00	751.49	87.17	185.53	10.00
sociend	8050.12	1160.14	714.75	71.17	222.99	6.20
socieve	6416.06	894.71	619.01	49.50	309.24	3.40
sociter	7333.71	1227.00	1408.15	232.33	280.19	30.80
socting	9406.07	1288.43	3661.77	428.50	2093.07	226.00
soctory	6539.11	918.29	727.69	76.33	243.59	10.80
sollish	6586.77	1003.43	1090.54	144.67	389.11	47.60
somance	5508.37	770.86	695.55	60.83	227.56	11.80
sombers	6807.76	1269.43	1180.52	236.00	547.55	104.60
somence	5617.34	766.57	819.93	64.83	333.58	13.20
somires	8184.05	1515.43	1037.27	231.17	125.02	16.40
sompand	6863.65	1029.86	599.11	76.33	249.61	12.20
sompent	7079.81	1011.57	813.21	95.00	334.05	21.80
soughts	5583.60	1094.86	673.40	109.33	72.71	14.60
sovelop	4059.00	658.86	314.19	38.67	81.72	6.00
spanged	6727.39	1119.71	1770.06	268.17	287.36	27.60
spanges	7237.21	1371.71	989.17	233.50	219.60	25.00
sparems	5887.37	1103.86	423.75	73.50	51.93	10.80
sparter	6333.23	1120.00	1367.43	246.00	251.67	35.80
speatom	3487.92	546.00	460.00	62.50	162.01	9.40
specher	5721.22	1004.00	1453.10	223.50	615.29	40.80
specide	5981.43	867.43	480.27	51.33	279.45	10.40
specish	5379.57	798.57	585.59	77.33	338.93	23.60
spectly	4292.47	657.71	685.27	86.17	240.48	13.60
spening	7557.98	1087.00	3367.09	399.50	2058.33	214.80
spining	7568.40	1095.86	3362.96	415.50	1989.50	220.00
spirile	6426.61	980.00	500.93	113.67	51.07	11.40
spirlid	4199.58	750.29	149.44	43.00	25.62	6.80
spolers	6493.15	1176.86	1002.29	238.50	389.83	103.80
spology	4408.74	625.43	174.92	46.33	31.03	8.00
spother	6787.08	1079.86	1680.87	216.17	881.73	23.00
starnly	4836.39	714.71	902.48	115.67	176.57	16.60
startic	3697.41	605.86	649.96	92.00	232.76	23.00
statort	5943.06	811.29	703.06	89.83	265.47	21.60
steping	7492.76	1071.14	3305.40	408.33	1795.72	217.20
stomish	5522.30	791.43	651.12	100.33	239.42	27.60
stopose	5068.44	683.86	825.16	68.83	194.91	11.40
stranna	5571.50	754.57	458.25	71.00	126.59	12.00
stready	5330.43	683.29	757.52	63.50	331.42	12.60
studern	4724.02	748.43	857.66	155.83	215.79	18.60
studers	5901.78	1135.00	1184.29	245.33	508.07	108.20
studind	7209.98	1109.14	2080.75	260.00	276.44	23.20
stumals	5078.42	988.43	519.87	86.17	134.64	15.60
subsion	5504.47	893.14	770.14	83.17	280.77	19.20
substic	3291.86	601.00	358.74	63.50	79.17	12.60
succest	5628.10	808.43	752.45	108.17	224.78	33.40
sucling	8112.67	1182.57	3598.00	412.83	1968.33	221.20
suffect	4552.33	701.57	445.21	48.50	138.62	12.80
suggets	5686.78	1160.29	692.07	134.50	128.10	31.60
suggles	6679.96	1441.57	983.23	301.50	121.62	62.20
suppest	5298.36	794.71	763.05	121.33	240.65	37.00
supplar	3962.00	734.14	503.64	55.83	202.08	9.60
suppons	6565.89	1199.43	746.79	105.83	333.92	23.80
supporm	3989.50	682.14	596.83	61.33	259.10	7.00
suppory	4740.98	768.00	792.07	79.33	302.73	8.80
suprout	4324.39	689.29	626.60	57.33	208.90	8.20
surlogy	5433.92	791.14	455.44	69.83	62.78	11.20
surtain	5899.29	830.00	948.98	92.00	436.74	14.80
surting	9501.39	1309.14	3885.31	459.33	2125.41	235.00
surtned	8440.67	1326.00	1933.24	280.67	181.82	18.60
swelful	3044.63	476.86	163.73	36.67	56.55	13.60
swerent	6163.25	884.14	616.65	83.83	235.53	17.60
swiftle	4285.19	658.57	277.67	62.00	29.26	8.80
systery	5938.13	855.71	1092.19	178.17	306.96	41.80
systion	5996.70	871.71	1056.52	118.83	345.12	28.20
talance	4807.88	730.14	573.29	76.50	223.49	12.00
talvate	4689.06	760.86	354.75	82.50	138.65	16.80
tandled	6568.57	1270.00	1798.49	373.50	150.20	72.00
taxiout	4155.89	647.71	524.22	46.17	240.43	8.80
teadlem	6837.24	1090.57	803.52	156.00	177.70	24.40
teavice	7575.48	968.29	844.81	82.83	186.28	12.20
teavide	7545.79	959.71	773.47	78.17	214.21	13.00
temance	5724.71	677.14	572.13	56.33	204.54	11.00
tenally	5860.31	808.00	920.30	111.67	299.57	18.40
tendred	7725.39	1203.57	1899.18	287.83	281.17	27.60
tenered	8225.65	1216.00	2100.57	291.50	437.70	35.60
tesigun	5050.28	610.00	310.89	46.83	35.11	5.80
testial	7523.96	968.71	1311.24	150.50	184.44	28.80
thartly	4727.63	664.71	1133.94	110.50	188.01	16.60
thecied	8014.57	1292.29	2100.79	324.17	222.60	16.20
thickle	4168.00	575.86	665.97	80.33	110.76	15.80
thorion	5520.62	775.86	1037.81	86.00	366.26	16.60
thouble	4370.01	549.43	928.60	68.33	416.47	10.80
thovice	5920.12	767.43	867.74	50.67	252.07	5.40
thrends	5758.93	902.86	1095.63	63.17	383.42	13.60
throune	6390.71	750.86	1005.05	51.17	621.93	9.60
thrount	6009.41	697.57	1109.75	54.33	637.44	9.60
throury	5058.52	626.00	1223.41	64.50	648.57	10.80
tigging	7032.49	1042.71	3127.18	408.33	1802.04	224.80
tobater	6306.25	1094.43	1266.17	239.67	215.77	37.40
tobbins	7871.77	1374.29	1839.40	272.50	69.83	29.40
toncest	5833.26	831.43	800.37	132.17	225.30	37.20
tonshed	7187.79	1197.29	2085.68	300.17	172.36	31.40
toppory	4859.62	733.71	667.12	82.00	176.26	13.00
totaish	6529.32	899.14	611.91	81.17	190.86	21.80
tounded	6621.59	1137.71	1913.40	283.67	331.96	34.80
towarly	4756.36	663.14	775.51	86.17	244.02	5.00
toweved	6600.59	1064.57	1829.07	238.83	381.69	7.80
towever	6021.64	998.00	1174.39	172.00	440.36	7.60
trasues	7829.97	1387.86	891.01	243.00	77.71	16.40
trazing	7747.84	1058.00	3177.76	405.00	1765.96	207.80
treates	7542.29	1383.86	1475.26	304.00	329.92	39.80
tributs	5096.17	930.00	681.05	115.33	34.53	10.40
trockly	4349.11	597.57	952.16	120.17	159.37	14.00
troject	4899.93	619.00	718.10	61.83	212.22	8.60
trueety	5376.85	743.71	444.63	69.83	103.18	5.60
tumbers	5720.68	1106.29	966.33	229.67	508.88	107.60
tyrious	5324.84	922.86	613.27	56.83	302.76	17.20
unapors	5097.04	957.29	747.02	144.17	111.75	12.20
uncided	5657.07	933.00	1660.83	250.83	219.43	18.60
unubted	5240.77	939.29	1746.78	278.67	289.94	41.00
unusing	6622.58	934.57	3218.70	393.00	1825.05	209.00
urached	6528.16	1048.57	2106.15	309.50	341.43	51.40
useling	6541.45	919.43	3408.85	394.50	1949.10	219.80
uttally	3727.13	532.00	649.83	78.17	260.44	12.20
valving	6948.05	1067.00	3200.18	390.67	1754.94	204.20
varldly	4647.09	740.29	795.84	118.33	108.25	11.00
varlity	6504.34	1023.57	1047.82	126.83	247.35	15.60
varries	9231.16	1742.00	1402.53	354.83	420.05	72.40
victorm	4437.02	615.57	492.49	54.83	190.70	11.20
virange	5037.63	633.71	445.01	73.67	97.23	7.40
volding	7411.41	1088.57	3245.14	401.33	1915.41	215.20
wailles	7198.80	1489.29	1012.37	298.50	174.06	57.40
wainter	6246.00	1146.14	1428.24	253.00	287.67	38.20
warends	6068.07	1044.57	1028.58	112.83	263.07	16.40
warlite	7235.47	1084.57	1017.66	143.67	175.46	15.60
wassing	7750.45	1158.43	3405.64	425.17	1907.74	222.60
wassury	4811.73	738.57	674.54	89.33	109.49	11.00
weacher	7409.29	1101.14	1792.95	249.83	660.99	46.40
weacted	8105.47	1208.29	2289.71	318.50	432.63	49.00
weactet	7741.26	1100.43	1025.37	131.33	155.60	9.60
wearemy	6284.19	807.71	786.80	81.83	149.42	12.80
wearned	8119.30	1207.86	2094.59	286.33	252.43	25.80
wedrove	5095.00	640.71	332.58	42.50	52.96	2.80
welieve	6426.42	787.43	652.12	58.83	283.15	8.40
wellage	5850.30	712.00	761.82	100.00	246.22	26.20
wesents	6534.73	1024.29	826.12	118.17	202.42	17.60
whapter	6049.54	981.57	1357.24	230.67	207.82	26.60
wheaker	5508.41	902.00	1048.47	193.67	118.22	18.20
wheards	4916.01	813.86	654.24	62.67	278.72	13.80
whecial	5172.52	704.00	742.58	64.50	250.33	9.20
whecins	7768.23	1261.14	2021.48	260.83	191.03	19.20
wheedom	3043.34	383.14	309.04	44.00	152.17	9.20
whelier	7502.64	1217.43	1483.99	288.50	239.02	72.40
wheting	8108.29	1032.29	3651.38	426.00	2160.69	227.20
winered	7004.51	1116.29	2120.95	290.50	354.21	34.60
winiman	3986.46	569.29	419.27	72.67	57.59	13.60
winuter	6066.81	1038.14	1443.62	241.00	286.86	32.40
witates	7556.37	1369.00	1377.55	277.33	279.31	28.60
withing	7688.96	1014.00	3614.11	386.33	2212.69	206.60
withion	5576.94	760.71	1027.39	69.67	558.74	15.80
withous	5163.36	894.00	990.93	66.83	628.41	17.00
witnest	5579.40	724.71	765.44	114.50	265.10	39.60
wittern	6136.59	809.14	1173.34	175.00	409.37	38.00
wonturs	6839.73	1132.29	1089.90	159.33	273.90	13.20
worcess	7210.98	1180.14	784.35	103.83	294.49	23.60
worefit	5066.37	638.00	639.33	57.00	189.54	7.60
workery	6316.05	880.71	1120.52	174.50	316.72	33.60
wormany	6667.94	873.00	685.74	74.33	228.93	12.00
worning	8794.14	1183.14	3615.13	415.67	2201.26	219.80
worring	8728.11	1190.00	3578.01	427.67	1994.03	222.40
wortain	5909.96	756.71	946.28	83.00	463.85	16.60
worward	6084.78	851.86	583.67	68.50	256.14	14.60
worware	6101.87	797.29	707.23	75.17	237.44	8.80
wreight	4155.03	483.71	662.99	38.67	252.61	6.20
wribber	5359.12	928.86	1036.32	177.83	84.63	11.20
wrickle	4436.56	601.29	661.07	90.00	153.56	15.60
wrining	7777.33	1052.86	3610.74	425.17	2029.06	220.60
writher	6806.11	1042.00	1962.02	226.50	937.74	24.00
youcher	5589.29	980.86	1490.04	225.83	530.18	40.00
zompled	6073.61	1086.00	1774.79	321.83	209.47	56.00