STRING	N1_F	N1_C	N2_F	N2_C	N3_F	N3_C
abviced	5492.24	889.43	1596.42	238.50	115.44	10.80
abvinde	3687.15	424.57	426.93	48.00	27.70	3.00
achater	5158.34	872.43	1246.40	223.67	214.83	36.60
acobing	6957.61	936.00	3069.77	368.33	1717.52	203.40
aditing	7780.58	1018.43	3628.21	420.33	2135.26	227.40
adveves	5962.08	1108.57	896.50	194.33	137.42	9.80
afftang	5871.56	712.00	1831.02	209.67	30.64	5.40
affutrs	4395.86	813.43	612.48	110.67	15.06	3.00
agadids	6341.63	1096.14	697.64	61.83	191.03	6.20
agaging	7160.03	975.71	3231.17	373.50	1909.78	211.00
agailal	3845.68	523.00	746.95	39.83	266.30	2.40
aganght	3689.25	426.57	807.39	33.00	413.32	5.80
agapong	5768.95	737.29	1922.59	200.50	159.51	3.60
agaring	7452.56	1008.00	3476.47	399.83	1955.35	214.40
agartry	4496.34	628.00	715.70	52.83	244.97	4.20
agashed	6415.93	1004.14	2081.90	268.67	276.03	32.00
aistase	6050.76	769.43	905.63	90.67	130.78	11.60
alammen	5415.60	880.86	599.05	78.50	32.38	15.20
alamurn	4267.37	568.86	522.00	58.33	11.43	2.60
alanere	6042.64	838.00	1016.20	173.67	67.87	13.00
alaring	7761.87	1076.57	3516.24	429.17	1845.86	216.00
alecurs	5206.42	925.43	795.75	135.83	33.52	6.80
alidice	5785.13	826.43	568.78	73.83	60.90	8.80
alobapt	3786.16	490.29	356.55	36.00	0.58	1.40
alocert	5300.85	719.86	773.29	132.33	75.39	7.60
aluging	6816.34	971.43	3142.92	389.17	1771.27	210.60
amplier	6908.77	1165.86	1348.52	279.33	153.65	71.20
ancisht	3666.77	432.71	556.88	36.67	35.79	3.40
andrain	3281.31	493.14	592.72	50.50	155.13	7.40
angeaen	5802.60	896.43	600.15	44.33	13.17	3.40
anglong	5458.58	736.86	1891.75	214.83	54.36	4.60
angloow	2798.57	429.00	369.06	42.33	54.22	3.40
angusts	4071.11	798.29	606.78	93.17	44.07	12.80
anhoqus	3549.08	686.86	354.27	32.17	1.17	0.80
anintrd	4857.77	731.43	569.47	54.83	137.43	5.60
anjutly	3592.66	474.00	696.76	73.67	86.70	7.60
anoblol	3166.71	465.29	503.10	37.50	187.75	2.20
anocint	7139.50	935.86	2200.01	229.00	163.25	7.60
anokied	7991.99	1274.14	2138.97	337.50	324.68	24.20
anonior	5612.63	828.86	780.90	68.00	159.54	7.00
anothes	7753.21	1321.86	1803.04	242.33	882.52	32.00
anqught	2881.54	308.86	773.51	23.83	428.99	5.60
anssods	4874.57	875.29	588.23	58.33	36.67	3.40
antting	8322.54	1057.00	3791.55	442.17	2126.33	237.60
apaited	6789.82	1080.29	1930.31	286.17	324.69	46.60
arciory	5267.41	680.14	650.80	58.17	63.66	4.60
areckex	5130.59	843.00	491.95	77.33	69.51	16.20
arothed	7761.31	1127.43	2650.23	300.00	701.06	30.00
aspened	5961.74	937.14	1688.21	250.00	101.61	16.60
asunied	7518.58	1229.71	1961.42	335.17	112.52	18.40
atoplex	4909.42	828.71	411.58	110.50	81.03	11.00
atorout	4003.68	512.29	474.19	48.17	143.09	7.20
attaust	4511.15	486.71	712.72	55.67	277.40	4.80
atteded	6318.91	968.86	1550.26	239.17	162.64	17.40
awading	7215.56	999.00	3209.85	390.00	1926.03	215.60
awearan	3590.20	453.43	485.95	51.17	42.72	3.20
bacaure	5626.43	808.57	851.52	68.33	354.61	10.60
banatly	5148.45	838.29	782.33	139.67	130.86	16.00
bansans	7197.28	1315.43	546.66	137.83	33.98	15.20
basthen	6940.86	1136.86	1346.11	142.00	414.00	20.60
bastome	5512.12	821.86	537.73	97.33	108.55	16.80
bathary	5283.95	798.43	842.68	95.50	55.30	9.40
beainds	7060.89	1085.86	1356.30	100.33	242.49	13.60
beantrs	7426.02	1205.57	1568.35	177.67	122.23	8.20
beapout	5922.44	737.43	1322.14	88.17	178.15	9.60
beayine	9028.03	1160.14	2536.75	258.67	166.92	21.20
becated	8212.23	1209.14	2803.25	322.33	862.84	57.20
becaurs	7144.53	1089.86	1736.17	150.33	748.91	6.20
becaush	5535.11	607.14	1532.54	64.17	962.68	3.20
bechogh	4889.35	549.43	1109.70	51.50	254.75	2.00
becicle	6184.11	747.14	1171.84	88.83	327.57	7.20
beckion	6635.13	873.86	1398.60	117.17	482.09	21.60
becouge	5828.33	645.71	1355.99	68.67	511.69	4.60
bectiom	7208.76	916.29	1520.00	111.67	384.01	9.80
beeenes	8799.60	1462.14	1442.03	249.33	12.61	9.20
beetint	9460.37	1186.14	2846.64	295.00	357.37	33.60
befeete	6742.14	849.29	805.50	78.83	44.16	3.20
behotid	5229.70	719.71	533.48	44.00	4.99	4.00
belever	7222.70	1088.14	1523.47	190.17	285.92	10.40
belffen	6370.47	969.14	869.28	68.33	94.38	8.20
belices	8335.54	1440.43	1413.89	240.33	234.07	23.00
bellery	6813.45	927.71	1530.97	208.00	194.15	35.40
beltese	7746.31	948.29	1357.84	127.33	96.82	10.60
beluter	7253.61	1124.29	1716.00	243.83	248.42	32.60
bemsint	8507.10	1099.14	2570.12	258.00	80.09	12.60
benital	5631.60	726.14	1141.81	88.00	94.71	9.40
benuled	7853.71	1236.00	2304.35	341.00	136.33	44.60
bepllex	6408.98	1030.14	825.60	131.17	68.74	9.80
bernice	8353.60	1053.86	1362.33	100.83	151.72	10.20
berreve	7197.25	897.00	1174.08	86.33	108.23	8.00
berrout	6287.18	772.43	1264.46	93.67	146.11	13.80
berting	10470.75	1298.14	4316.11	461.00	2090.87	231.60
betanty	6039.68	737.43	1094.55	79.17	175.68	8.20
betweny	7709.89	939.57	1249.28	69.00	452.62	4.40
bevedon	4750.78	570.00	900.40	65.67	112.18	5.00
beviele	6916.57	875.71	1086.33	96.50	17.85	4.80
beviosh	5265.18	628.57	909.18	64.33	36.66	4.40
blokery	5208.72	755.14	851.78	162.17	97.77	29.80
blreral	4648.92	574.43	1025.72	69.83	410.90	6.00
bodught	3944.06	529.29	598.61	38.83	420.01	5.80
bomensm	4488.59	603.00	567.03	58.17	104.10	5.80
borvidy	6858.71	939.43	633.78	69.67	81.89	4.40
botcelf	5326.64	764.43	646.02	61.50	166.10	3.80
bottach	5453.21	696.14	620.16	77.50	58.73	8.60
braiory	5788.75	794.57	940.73	98.83	83.35	12.60
bramomy	4523.94	627.71	458.16	67.50	34.90	9.60
breaurs	6114.93	1030.86	1286.62	164.00	121.63	14.00
bredral	4025.36	556.29	960.35	75.33	215.23	8.20
breling	8052.43	1112.57	3770.12	434.67	1961.99	223.80
bresets	6392.89	1128.86	1063.28	141.17	207.36	32.20
brieare	5929.35	789.86	980.20	91.50	231.19	10.00
brierts	5837.76	1000.14	1124.94	133.17	246.63	13.80
briming	7713.36	1071.57	3539.85	418.00	1878.78	216.20
britrer	7149.58	1112.00	1614.26	222.50	319.33	12.80
bromble	4705.75	632.00	786.77	95.67	156.99	17.00
bronats	6005.33	1043.00	909.45	136.83	87.81	12.80
brotaia	4802.27	641.29	1046.33	90.50	248.43	10.60
brovoma	3415.25	477.86	618.63	57.50	106.14	7.20
brrking	8379.39	1121.29	3454.74	401.67	1999.61	221.00
bruding	7544.49	1066.14	3373.75	408.50	1888.78	216.40
bubbier	6978.47	1253.71	995.34	274.33	73.12	66.80
bubjees	7053.82	1388.29	813.56	201.17	72.25	5.80
bupowed	5791.25	1019.43	1477.23	232.00	62.32	4.80
burcint	7953.25	1097.71	2055.92	262.00	35.73	13.00
burhong	6681.89	882.14	1969.59	237.17	13.37	7.60
caddoge	4578.91	754.00	348.03	78.83	5.85	8.00
cadizer	5912.82	1114.43	841.39	186.00	16.48	5.40
caisint	7966.58	1199.43	2182.97	280.33	97.06	15.60
caiving	7928.29	1195.00	3321.05	404.00	1765.34	202.60
cantted	8072.31	1371.00	2163.32	356.83	346.76	61.20
carcint	8462.86	1224.29	2307.18	294.00	84.82	16.40
cassins	8765.63	1548.57	2203.32	320.67	233.52	39.40
caveray	4807.95	710.43	714.09	81.83	236.27	12.20
ceadeve	7005.43	906.57	808.37	71.00	176.90	6.60
ceaiong	8385.68	1047.86	2300.92	232.83	40.44	4.60
ceataps	7880.16	1190.71	875.51	75.83	134.13	7.20
cecaugh	5399.69	591.00	1167.43	28.00	666.38	2.20
cecoyer	7014.44	1061.14	1164.20	161.50	52.73	4.20
cegalal	5146.10	691.86	660.47	51.67	7.10	3.60
cetalls	7239.20	1170.86	705.81	74.00	144.90	10.40
cetatce	6586.34	782.14	703.32	56.17	17.98	3.80
ceteody	6369.55	741.57	562.69	33.33	14.93	2.40
cetibrs	7166.17	1134.29	846.24	126.83	6.62	1.60
chacllf	4111.19	603.71	657.92	61.33	147.91	11.40
chailly	5229.48	735.57	935.89	106.33	270.86	19.80
chanter	6721.35	1094.86	1639.79	260.83	434.63	44.60
chasser	6357.71	1049.43	1275.08	219.83	260.44	24.60
chaweda	4442.57	597.00	497.60	49.17	150.58	11.40
cheages	7296.64	1309.57	1119.83	239.00	123.30	21.00
cherrom	3561.54	501.43	445.99	60.83	43.60	10.80
chewher	5864.28	940.57	1386.34	209.33	359.61	13.80
chindon	3735.73	523.57	561.45	89.33	49.63	11.20
chinted	6897.52	1121.14	2121.06	326.67	426.38	60.80
choched	6822.58	1056.00	2266.41	299.50	290.07	48.00
chochey	6454.33	963.86	986.64	105.17	170.91	31.80
chokier	7857.77	1265.86	1480.48	286.33	137.84	71.60
chosing	8087.90	1072.43	3495.18	410.67	1795.79	210.80
chotesh	5896.35	717.29	1053.34	128.33	47.44	9.40
chotise	7741.19	973.86	1445.83	137.83	114.64	13.40
chrdrer	6697.34	1059.57	1214.39	197.33	42.97	4.40
chrkize	6530.73	867.71	661.14	70.17	76.35	8.40
chrours	6318.30	1020.29	1249.44	151.50	432.56	10.60
chrpout	4960.16	617.86	802.03	57.67	156.17	5.60
cilaied	8889.42	1455.29	1726.06	319.17	108.42	10.60
clabble	4552.39	661.57	490.54	87.00	108.98	17.60
clacate	5270.85	746.86	520.71	93.17	108.24	22.00
clavelf	4666.47	674.29	653.07	71.67	215.10	13.20
clllity	5964.52	912.71	998.65	113.00	263.91	24.20
clrlins	8932.75	1451.14	2284.60	283.67	264.73	35.80
clrmpes	7170.70	1337.00	923.12	214.33	13.25	6.20
clrpets	6558.09	1142.29	645.16	110.50	69.75	24.40
cluenen	6009.09	945.29	671.02	81.50	6.54	4.40
clussed	6121.65	1060.14	1706.49	265.67	190.41	21.20
cocared	7711.33	1208.14	2294.11	300.50	194.98	24.60
coctush	5633.49	681.43	1032.60	93.17	39.17	4.40
coiched	7374.61	1211.57	2392.81	328.83	276.03	45.20
coimbly	4727.46	717.43	940.43	125.33	17.90	6.60
colding	8246.90	1201.14	3672.16	449.50	1966.32	217.60
colllls	6111.87	1171.43	968.26	144.67	108.49	14.40
colllly	5233.81	827.29	1232.91	165.00	223.67	17.20
comeght	4809.28	611.29	1022.80	77.00	390.42	12.00
comited	7603.62	1242.71	2384.18	342.17	439.24	55.40
compled	7040.70	1217.57	2205.46	372.00	310.03	63.20
comples	7550.51	1469.57	1424.56	337.33	287.84	63.80
comsist	6948.24	980.29	1221.26	152.67	119.95	14.00
comsugh	4349.59	578.43	1023.02	71.33	293.04	7.80
conempe	5230.87	723.14	742.37	87.83	180.19	15.60
congint	7965.06	1160.14	2463.03	311.83	261.51	37.40
cookide	7085.88	989.57	966.79	123.50	249.08	13.80
cooubrs	6148.05	1086.43	1141.21	177.00	40.07	2.60
coponst	4964.50	671.43	837.79	109.33	122.52	3.00
coreagh	5694.06	727.86	1255.89	112.17	151.73	14.00
corguse	6228.87	806.14	1259.94	108.83	266.60	13.20
coriows	6743.27	1138.86	1030.18	119.67	133.23	16.20
cormbed	7503.81	1215.14	2092.77	297.33	63.30	15.80
correlf	6132.34	881.86	1210.56	127.00	237.73	14.40
corrlly	5936.57	882.57	1275.71	154.17	168.11	15.40
cotinst	5845.78	746.43	1145.28	126.00	275.80	4.00
cotwang	7013.11	920.00	2308.11	253.33	9.48	1.40
councts	5601.44	1057.14	1122.41	154.67	336.06	18.00
countre	5811.30	853.00	1150.78	112.67	443.90	16.80
coveout	5036.90	671.00	928.20	84.33	176.97	8.20
cowaner	6648.19	1101.29	1474.46	230.00	75.26	10.80
cowdain	4294.46	655.14	851.15	88.83	153.92	9.60
coweral	4637.90	613.14	1394.35	109.83	436.93	11.20
cowllen	6340.45	1079.29	1027.32	175.67	43.94	14.00
creangh	4284.82	545.14	729.76	79.17	139.50	13.20
creteze	6399.69	826.00	608.60	82.17	35.52	6.40
criemps	5318.46	927.29	583.97	64.83	87.62	6.80
critact	5752.88	721.43	944.62	86.83	273.12	9.80
cucalve	4694.78	675.29	568.38	43.50	11.91	2.60
cundise	6771.43	1017.29	905.38	118.67	106.11	14.80
cupingy	4371.03	614.86	364.65	50.67	19.57	9.80
curiere	7113.17	990.43	1093.71	175.83	72.95	11.40
darauge	5461.45	769.71	910.68	94.00	17.47	5.40
deadial	6840.02	956.29	1244.04	133.83	225.50	15.20
deanght	5321.66	649.29	1184.70	97.17	323.34	9.60
deaning	9151.01	1223.86	3897.04	456.83	1995.70	217.00
deantes	8667.86	1519.43	1768.04	320.67	168.80	24.40
deasher	7469.39	1160.29	1804.52	266.00	424.54	29.60
decines	8368.02	1425.86	1422.84	258.83	140.87	19.00
dedught	4291.43	516.71	815.07	57.17	433.30	6.60
deesing	8745.33	1174.71	3524.18	426.83	1781.93	206.80
deetnty	6084.59	773.43	658.13	75.00	41.11	2.80
defener	6881.69	1061.00	1271.80	215.50	101.32	15.20
deggese	6014.36	814.00	858.88	124.00	75.38	7.40
deisted	7762.79	1227.14	2025.30	325.83	328.85	55.40
dellaic	4511.51	655.14	824.04	121.33	111.22	15.60
deltulf	5467.80	673.00	636.83	72.00	28.12	4.60
demeaps	6180.94	1006.14	632.95	67.50	102.74	6.80
dengher	6740.28	1111.00	1619.28	253.67	368.74	15.00
dentang	8054.38	1024.29	2323.86	271.17	140.80	14.20
denuble	5459.33	727.14	708.79	105.00	111.99	14.00
deotows	6898.02	1083.43	558.99	76.17	37.42	8.40
derhoce	6232.89	742.43	914.43	80.00	89.54	2.20
derilly	6335.88	845.57	1153.16	136.83	156.16	12.20
derlace	6576.28	819.14	890.26	95.50	42.07	4.80
derntly	6281.76	818.00	1175.50	131.00	88.58	10.20
derousm	5403.50	637.86	1122.79	84.67	196.00	5.20
derrect	6681.93	851.00	971.45	100.17	166.92	11.80
derthed	9007.38	1283.57	2730.83	321.50	582.87	29.80
detcher	7070.34	1085.57	1747.87	255.17	571.78	48.20
dethius	7749.01	1234.14	944.18	84.50	134.01	5.20
dettnct	6119.92	700.14	883.11	87.67	110.74	7.40
devibly	4927.45	647.71	785.13	110.50	63.26	10.60
dideron	3597.54	539.29	609.65	78.50	35.15	4.40
diggint	6480.92	984.57	2001.22	272.83	105.86	32.20
digitrs	5327.32	1047.29	699.43	145.00	11.62	2.20
dildice	5850.31	904.43	644.80	91.67	85.92	8.20
dileany	5945.72	836.86	549.57	75.00	88.58	4.00
dilived	6293.25	1089.71	1755.46	263.00	91.29	11.60
dinouss	5308.20	979.29	792.50	81.33	17.49	3.20
dinsurs	5621.67	1063.57	852.45	169.00	47.07	9.80
dirdust	4968.03	661.71	577.80	84.67	5.97	4.40
distion	6165.98	911.57	1266.41	158.67	436.53	39.60
ditting	8511.84	1160.57	3825.75	459.33	2161.19	240.40
ditwest	5157.71	699.86	931.49	115.83	240.03	31.20
dixingh	3142.37	449.00	485.18	52.67	16.21	7.60
dompeng	6741.11	972.43	1919.91	240.00	84.59	10.20
dothage	5130.93	681.71	736.83	62.00	235.26	15.60
douneer	7011.19	1233.71	1246.30	204.33	152.38	9.40
dounety	5279.72	829.43	735.28	99.17	229.21	13.40
draives	7397.82	1367.14	1026.01	229.50	95.14	18.40
dratine	8835.73	1180.00	2348.60	308.83	431.44	48.60
dreaten	6161.50	998.00	1139.64	148.00	309.80	30.40
drilice	6310.43	912.29	1064.04	110.17	116.42	14.20
driting	8400.20	1145.29	3964.60	452.00	2324.55	232.20
dritint	8051.66	1086.43	2764.29	306.00	625.21	38.80
droctly	4606.68	658.14	930.09	106.33	167.06	12.60
drolint	7551.02	1039.86	2553.64	286.50	228.52	30.60
droulal	3850.67	556.57	1078.61	81.00	152.16	10.60
dryrsed	5660.95	1011.86	1533.28	240.00	121.31	12.40
dyshits	5735.03	1086.57	564.43	95.00	67.63	14.00
eaiewat	4201.60	637.71	231.14	32.00	3.08	1.40
ealfuic	2825.23	521.71	228.22	49.83	4.78	0.40
earious	6062.04	1114.00	967.92	105.00	375.85	22.40
earsern	5907.41	908.00	1105.92	171.50	163.78	14.60
earvies	9164.53	1701.57	1285.74	319.67	210.14	50.20
eastrly	5211.91	779.71	832.08	112.33	99.41	13.20
eathore	5196.00	773.71	828.76	73.83	155.07	7.80
eatrout	4411.97	687.43	558.06	68.33	130.42	9.40
eatshed	6774.96	1163.43	2003.10	282.83	145.98	27.60
eccidop	2331.62	330.71	266.70	23.50	35.65	1.00
echowes	5139.29	1062.00	638.84	174.00	54.96	3.00
eciched	5605.74	945.86	1970.92	274.33	275.39	44.20
ectrght	3127.03	379.57	456.06	18.17	225.00	3.00
ectugem	4527.76	714.43	426.88	32.33	1.50	1.20
edvance	3348.52	407.29	417.96	35.33	170.83	8.20
effated	5477.25	918.86	1901.72	288.17	397.94	56.60
efferen	4886.38	752.14	773.89	72.83	163.03	13.20
effflve	2439.48	364.29	224.92	28.33	34.35	5.40
effowal	1920.87	258.29	479.81	33.50	33.86	2.00
effuser	4245.46	763.14	924.89	173.67	78.23	13.60
elaning	7542.40	1052.00	3485.37	420.17	2001.16	218.40
elestes	6653.58	1298.43	1144.77	267.00	109.93	25.40
ematize	6270.03	832.14	612.83	84.50	54.90	8.80
emising	6860.53	960.14	3205.13	390.00	1790.88	208.20
enalled	6434.11	1110.00	1754.38	323.67	159.46	51.40
encatle	4531.48	593.71	662.77	83.50	23.32	8.20
endiace	4030.64	542.00	400.46	50.67	60.66	7.20
enieits	6651.25	1169.00	587.70	98.50	21.05	7.20
enifing	6718.61	948.57	3099.30	382.33	1715.27	204.20
enotant	6268.01	761.86	934.59	84.67	197.60	11.40
enothes	7467.71	1304.14	1685.21	246.00	744.06	31.00
enshaty	3787.17	530.57	513.49	62.33	4.14	2.60
equnier	6589.40	1138.14	1269.90	267.67	69.79	65.00
equsige	5087.95	712.29	433.48	59.17	48.93	5.40
evelaly	3901.73	561.71	634.54	90.50	43.67	1.40
evempls	3821.08	776.00	304.00	46.33	81.74	1.00
evetake	4356.87	547.14	372.25	32.17	57.91	2.80
evetiet	7804.51	1177.14	889.32	168.50	98.31	14.60
eviging	6438.82	922.57	3063.27	375.33	1779.05	210.40
evopore	4323.54	586.14	527.59	49.17	60.73	5.60
exaculs	4893.00	863.71	416.39	59.67	105.15	4.60
exadeal	4080.79	582.29	769.92	64.17	106.00	4.20
exagell	4116.97	601.29	490.80	47.50	96.07	3.20
exainss	5191.46	882.00	728.95	52.50	335.22	3.60
exandbo	2268.89	337.57	404.96	40.33	88.42	4.60
exangen	5351.21	837.71	791.97	74.50	236.69	11.40
exarden	5150.07	853.43	708.13	75.17	93.53	5.20
exarwal	2961.05	409.71	738.44	57.33	84.05	1.60
exasece	5000.06	658.29	787.04	50.00	78.13	2.40
exasion	5158.44	735.43	843.05	81.17	323.00	16.60
exavion	4771.61	672.14	716.33	56.17	312.05	14.00
excicts	4250.09	783.57	662.46	92.33	59.81	9.00
exckice	5106.65	682.86	661.66	83.50	94.06	14.60
exilion	4775.53	706.43	933.21	89.67	292.88	17.40
expoous	3829.61	752.71	581.38	51.17	191.90	15.80
exptosh	3637.76	442.57	458.31	48.00	57.62	4.60
facaurs	5860.16	1084.29	1106.42	140.33	280.77	6.80
faclisy	6355.21	977.14	747.81	95.50	81.21	5.80
factllf	4453.74	712.71	502.79	52.00	49.20	4.00
famaung	6075.00	868.29	1803.43	202.50	5.47	1.60
fanuser	5782.59	1105.14	1086.27	219.83	53.64	13.60
farhers	6975.93	1260.57	1321.61	260.50	409.42	100.40
fariese	6757.65	964.00	1222.15	143.17	93.25	17.00
fathaps	5202.40	991.14	705.87	59.50	199.23	8.40
fatping	7793.79	1156.43	3245.41	405.33	1763.09	213.60
fatrano	5250.53	822.14	475.49	82.33	27.33	10.20
fatwily	6188.17	955.71	843.43	116.50	43.69	21.40
feachen	7319.44	1059.57	1321.79	133.83	304.17	37.40
feanint	8896.64	1151.71	2556.33	284.50	297.45	22.40
feasist	7814.30	1006.00	1087.52	142.00	78.22	13.20
feciecs	7235.43	1119.86	750.49	50.17	109.72	2.80
feedens	8245.55	1312.14	636.52	109.33	131.07	19.40
felight	5085.77	594.57	701.63	45.00	331.47	9.40
feniger	7276.89	1118.00	1129.99	197.17	44.89	8.40
ferfour	5437.81	723.00	689.97	56.67	50.87	6.40
fiailly	5068.24	767.57	734.54	86.67	124.01	9.80
ficause	5136.61	633.29	1123.11	49.50	706.83	4.20
fictind	8416.05	1170.43	2295.82	275.33	373.78	32.80
fighong	5514.67	761.71	1895.97	222.33	54.47	7.00
figomum	2445.55	410.57	252.29	40.50	37.22	2.20
filking	7276.98	1061.00	3410.04	409.00	1997.54	222.80
fimmagh	3304.56	482.43	605.66	51.00	15.67	3.00
fimsses	6629.17	1316.57	1057.65	222.00	238.86	24.00
finened	6967.77	1143.86	1975.54	284.33	151.23	18.40
finfome	4120.48	626.43	375.70	58.00	84.69	6.00
finimed	6564.20	1124.57	1699.92	268.50	141.75	13.00
finnint	7420.45	1067.14	2292.38	282.67	356.75	31.80
firoust	5140.02	634.00	930.90	84.33	200.09	5.80
fiserde	4796.14	622.29	715.69	75.00	39.53	3.80
fisping	7472.15	1074.71	3338.91	406.00	1805.53	215.20
fisuger	5700.39	977.43	1256.37	195.00	40.63	8.00
fitiece	5835.17	778.43	808.54	63.00	18.40	2.40
fomplet	6185.93	1047.00	611.20	149.83	122.73	19.20
forturs	7450.53	1186.57	1159.77	173.50	265.79	22.80
fothove	4914.79	640.00	717.13	49.67	265.04	4.00
fouaush	4372.11	579.57	910.45	65.00	241.61	2.40
foubend	6654.81	1004.00	654.90	81.00	27.76	6.00
foussed	6535.04	1130.86	1886.08	280.00	209.12	21.60
fowetes	7423.12	1379.57	1254.67	263.00	154.56	15.40
freally	4635.34	679.14	997.06	115.67	348.19	21.40
frecine	7651.18	1045.43	2062.34	247.17	193.43	21.40
fredght	3695.94	484.43	675.84	49.83	253.36	9.40
friting	8494.38	1132.00	3963.25	451.50	2350.24	233.60
frittre	5923.48	789.57	863.44	79.83	264.61	12.20
froking	7658.86	1041.00	3629.41	421.17	2023.23	220.80
frotong	7116.75	887.14	2257.99	249.17	54.63	9.60
froving	7587.05	1010.86	3492.41	399.33	1807.20	204.20
frthwer	5654.57	907.00	979.41	153.83	1.27	0.80
fullant	5621.56	809.43	711.99	106.00	116.56	24.80
fumsier	7378.10	1284.29	1241.58	271.17	52.00	62.60
funoust	4338.10	597.43	778.85	77.50	16.81	4.40
fupplen	5190.61	949.14	661.03	135.67	103.92	13.00
fuspiss	6717.51	1221.29	560.18	92.17	36.74	5.40
futicay	4288.00	602.14	448.79	61.83	99.81	7.00
gallial	5425.55	920.71	1105.61	137.17	250.31	31.40
gambend	6123.03	1009.14	430.44	78.50	78.15	11.60
geameed	8511.87	1311.71	2052.93	260.67	12.58	4.00
geander	7083.45	1121.86	1451.91	221.67	83.36	22.40
gearits	8206.75	1369.29	1196.79	162.67	167.32	23.80
geaying	8532.38	1120.29	3500.48	391.33	1772.18	203.20
geeeced	7539.20	1136.29	1684.99	247.00	41.35	6.40
gefuger	6198.27	960.43	1156.61	173.67	48.38	8.40
gelicin	4548.41	599.14	639.11	58.50	74.97	7.00
gemsend	7537.25	1022.71	768.54	57.17	173.74	4.80
genkive	6752.37	922.57	718.71	81.67	129.19	12.80
gerbles	8262.12	1470.00	1256.63	300.67	170.93	61.20
gerrmes	8311.48	1443.14	1163.01	229.83	79.95	9.40
getched	7539.58	1124.29	2321.69	293.33	388.01	54.80
gheraps	4546.08	863.00	407.40	53.33	149.46	10.60
ghesion	5081.11	738.14	729.78	75.67	240.12	14.20
giching	7278.57	1000.00	3190.28	376.67	1894.93	203.60
glasern	4974.02	745.86	924.84	155.83	146.35	12.20
gonglle	4723.25	782.71	496.23	99.00	13.86	9.80
gorring	8523.36	1201.86	3492.02	429.50	1889.57	219.60
greaunt	5724.86	712.86	909.53	80.67	156.07	11.00
grieped	6435.17	1050.43	1894.90	273.50	176.37	22.40
griting	8290.49	1117.43	3996.02	459.00	2313.50	234.00
grituty	5004.62	650.29	909.40	82.83	183.01	7.60
groders	6229.18	1123.00	1333.38	258.33	460.99	108.60
grodlts	4933.05	978.29	786.28	128.17	85.32	8.60
grought	3801.99	446.57	1206.15	64.17	751.06	15.00
groults	5042.67	951.29	1007.65	123.00	174.53	11.00
hacaned	6837.45	1157.14	1858.96	272.83	85.59	15.80
harkies	9311.98	1732.14	1437.40	359.67	206.59	64.40
hatught	3992.78	547.86	782.53	57.67	455.39	7.80
heaning	9222.54	1190.86	3786.93	435.00	2032.23	220.20
hearain	5554.41	718.57	987.84	99.00	271.28	19.00
heciant	7190.40	836.71	891.90	78.50	93.28	13.80
hecllle	5904.48	762.00	750.69	78.00	12.02	3.40
hengier	8585.84	1368.14	1314.62	294.67	81.85	66.80
hervine	9124.63	1126.00	2226.34	247.83	285.60	21.60
hestege	7167.46	854.43	859.43	110.83	182.86	18.20
hethare	6413.00	760.14	946.79	71.83	48.18	3.80
hibunse	4270.70	558.14	609.81	31.17	20.03	1.80
hicauge	4746.99	565.57	919.45	37.83	234.10	1.20
higling	7286.95	1047.14	3546.81	404.67	1945.12	219.20
himmses	6276.90	1258.29	952.68	212.67	167.84	18.60
himsely	5128.57	747.57	1077.01	86.50	527.30	9.60
hindurs	5444.93	1019.14	966.29	161.00	58.17	9.20
hinever	6012.39	1008.71	1252.23	182.17	212.08	7.60
hinteng	7593.10	1020.14	2308.19	261.33	50.49	10.40
hirhoup	3906.78	522.43	583.09	39.83	119.50	1.60
hisires	7334.05	1361.14	1056.08	229.50	124.19	14.80
hispony	5529.40	772.14	650.89	59.00	83.73	5.80
histrah	4457.43	581.00	774.23	69.83	145.95	9.20
hittide	7154.45	927.43	1114.34	111.33	258.21	22.80
hitwins	8064.29	1311.29	2186.95	251.83	105.77	17.40
hoctoms	6076.22	1017.43	447.98	54.50	61.96	6.20
hoiauce	5231.23	669.86	585.33	34.83	21.76	1.20
hoithed	7726.94	1201.29	2428.72	279.83	493.94	27.00
homemps	4917.36	887.71	486.09	46.00	88.91	4.40
homsing	7873.44	1102.43	3507.96	400.17	1779.17	206.20
hongear	5103.46	830.00	602.70	82.17	70.82	9.60
honngem	5795.46	967.57	634.68	82.50	98.59	10.60
honting	8876.88	1214.71	3868.54	452.33	2126.90	231.60
hoteved	7123.07	1099.57	1871.64	243.33	148.57	6.60
houckey	5899.58	985.14	551.39	83.83	87.66	16.40
hourere	6017.71	888.14	1086.28	166.50	86.87	9.20
howared	6749.80	1084.29	1911.30	262.67	391.99	23.40
huinnst	4353.38	600.29	554.56	75.83	127.47	3.40
hunghes	6597.17	1327.14	1241.57	254.50	142.13	26.20
hunther	6584.88	1086.71	1748.87	223.00	752.73	21.00
hupoyed	5481.53	966.86	1489.80	220.33	30.54	5.00
hurmoly	4817.05	686.86	709.46	103.33	14.41	4.60
hursing	8175.29	1125.43	3461.67	418.17	1818.55	213.20
hurvers	6495.93	1137.00	1132.37	239.67	391.16	104.20
huslict	5688.22	836.86	733.34	83.50	39.78	5.40
hutenay	4595.08	597.57	470.48	63.83	13.55	3.80
ignging	6320.01	914.71	3076.39	384.83	1805.57	215.20
imeciet	6803.10	1097.71	468.95	124.50	84.69	4.00
imelied	7342.31	1236.29	2012.36	343.67	217.67	23.40
imelies	7852.13	1488.29	1231.47	309.00	228.11	54.00
imotied	8233.16	1281.43	2226.98	364.67	154.95	26.80
imoutis	4090.65	783.43	359.72	32.33	16.02	2.60
impuram	2133.11	295.86	339.44	34.50	67.31	7.80
inckioy	4802.17	697.29	599.58	92.33	54.59	10.80
inddmul	1854.30	320.71	222.83	53.50	12.72	3.00
indiced	5341.50	931.00	1677.52	259.83	136.54	16.80
ineerel	5369.59	835.00	653.26	93.83	91.86	15.40
inhours	4175.82	790.71	895.44	142.17	46.14	9.60
inocked	5557.49	941.29	1748.27	267.67	120.57	30.00
inopped	5579.64	937.57	1814.64	264.33	262.42	29.60
inoubly	3444.67	466.57	920.38	92.50	65.49	4.60
inourar	3513.05	493.43	799.89	55.33	33.90	1.40
inqurir	2483.61	386.14	248.15	43.83	19.47	2.00
insched	5635.98	955.00	2107.00	299.33	331.33	48.60
instins	8137.18	1325.14	2548.52	341.83	470.75	57.00
inthing	6927.62	913.00	3453.04	392.17	1976.31	206.20
inuried	7316.35	1249.57	1882.51	348.33	220.11	24.20
inytied	7759.33	1242.29	2109.54	365.50	139.58	22.60
itrples	6625.26	1282.29	865.56	268.50	109.05	50.60
jasinus	4849.19	990.14	426.44	69.17	3.65	2.40
jowlich	4873.53	732.57	608.82	73.17	10.21	7.40
justral	3995.30	556.86	927.88	86.33	282.57	16.20
kejught	3865.51	400.57	555.21	12.83	419.20	4.40
kibblal	2522.10	452.86	539.73	64.50	12.68	9.60
kiciery	5317.00	754.00	975.65	148.67	117.39	16.40
killial	5129.30	789.57	1130.11	121.50	315.56	28.20
kimpown	2945.70	448.29	387.98	45.50	15.42	6.00
knfefly	3017.80	406.71	476.30	61.67	19.70	3.00
knowece	4439.05	561.86	659.55	34.83	53.37	4.20
labeted	6362.48	1154.71	1808.50	293.00	285.45	44.00
lanting	8376.68	1245.00	3723.21	466.00	2051.42	234.80
lecants	6255.08	1005.14	1084.60	113.17	338.18	13.80
ledract	4849.98	630.29	459.95	53.17	50.88	5.20
leeapst	5285.35	634.00	602.13	79.50	5.47	1.80
leineng	7773.22	1011.71	1924.71	241.00	17.61	3.80
lemalts	5952.96	1042.86	646.25	98.33	61.48	4.40
lemeved	7236.08	1076.43	1794.22	239.17	148.24	7.20
lemmple	4932.48	637.71	482.03	71.33	90.73	3.20
lepoush	4469.36	516.43	724.01	55.67	15.02	4.00
lerinty	6142.13	755.14	982.73	93.67	47.17	8.00
lestoom	5156.00	656.14	658.30	88.67	126.84	16.00
licaler	5899.73	1044.57	1312.58	257.00	33.99	19.60
lilighs	4648.60	874.00	468.96	51.17	38.24	4.80
limpore	4614.18	690.00	674.02	75.00	76.00	10.60
lintety	5771.14	842.43	894.93	118.33	110.93	12.80
linuger	5617.09	984.86	1221.88	200.33	74.65	11.40
lolerol	4102.42	580.00	571.44	65.17	49.03	3.20
lomsing	7698.06	1102.43	3445.32	401.00	1778.92	205.40
lorkema	4553.30	693.71	529.57	73.17	126.89	5.80
lowyice	5540.58	796.00	502.01	51.17	54.16	5.00
lurhaps	5218.87	936.00	510.11	46.67	269.37	4.20
mabjets	5124.62	1076.57	597.93	116.83	93.83	22.40
maraden	6566.10	1106.14	861.32	139.33	76.33	18.00
marlint	8141.24	1195.43	2611.70	320.67	327.34	38.00
marpass	6264.37	1145.71	694.57	107.67	58.28	12.40
marride	6967.44	1049.71	931.40	137.83	301.74	31.20
marsees	8772.41	1649.29	1422.66	269.33	119.95	19.00
masiess	6517.92	1218.71	736.04	125.67	152.30	31.80
massery	5572.92	918.71	1141.10	190.33	116.59	28.60
masseve	5253.96	832.71	698.81	85.67	133.81	13.40
mawauge	4403.04	633.00	699.21	54.17	0.12	0.20
meaving	8859.81	1150.43	3602.98	405.67	1859.48	206.80
mecaurs	6879.45	1062.14	1404.90	139.83	494.63	5.60
meckims	7335.46	1199.14	763.86	92.17	42.38	12.20
meclain	5214.85	664.71	857.21	63.33	183.88	8.60
meecege	6383.05	807.00	561.40	54.33	46.23	2.00
meecher	6989.17	1081.57	1548.50	227.33	522.86	37.20
meghies	9362.95	1610.43	1086.61	287.17	119.44	44.00
melaurs	6781.47	1087.57	1062.45	144.17	42.62	7.60
merthed	9095.49	1273.43	2659.98	298.83	586.35	30.00
mesered	7996.01	1179.43	2064.68	285.00	294.96	32.80
mesping	8579.25	1138.57	3369.29	402.33	1842.10	216.40
mespint	8230.70	1079.71	2168.99	256.33	142.76	23.00
milecer	5910.57	1020.14	1047.49	189.83	82.58	6.80
milkery	5100.32	794.86	972.87	169.33	130.37	30.00
millaer	6239.17	1106.71	1179.45	213.50	195.31	16.80
minchet	6140.91	1004.86	974.21	134.67	233.16	42.00
misched	6390.39	1085.57	2215.33	310.17	317.96	53.00
mistane	6947.34	920.71	943.29	121.83	152.46	22.20
mistats	6146.07	1092.71	1016.68	159.67	142.78	22.40
misthon	4480.07	611.29	1023.88	103.50	97.76	12.20
mitsore	5407.93	765.14	714.83	73.83	8.72	4.80
mitweer	6769.11	1120.86	1389.07	178.67	299.43	2.20
mollans	7092.38	1236.86	793.92	145.83	130.28	25.60
mollust	4940.72	670.29	844.34	107.83	57.21	11.20
momblom	3117.22	553.43	429.78	63.17	22.67	8.40
morlion	6702.57	970.71	1119.63	119.00	346.52	17.20
morstin	4987.35	712.43	659.17	87.00	86.01	7.60
morting	9505.12	1265.43	3887.97	459.67	2112.27	235.80
moucine	7770.71	1110.86	2059.56	250.00	120.72	19.80
mouncts	5104.81	997.57	791.95	119.67	213.46	15.80
mowaush	4121.16	533.00	816.98	50.83	288.37	1.40
muppoed	6105.11	1083.43	1570.81	237.67	129.15	3.80
nackind	7235.64	1126.00	1946.39	260.83	299.45	36.60
nanents	5380.42	1058.57	774.80	132.83	156.83	14.80
natwele	5459.54	809.86	778.83	83.67	196.12	3.20
natwine	7439.21	1065.86	2002.21	236.33	196.92	17.60
neayint	8144.92	1031.43	2222.34	248.33	78.84	10.00
nerrtes	8701.86	1472.43	1464.24	283.00	139.82	19.20
nistrty	4794.11	651.86	681.42	80.50	95.72	8.00
noapply	4597.88	668.14	673.21	86.50	27.51	5.40
noclars	6006.78	1076.43	817.35	147.67	48.56	11.40
nombled	6108.12	1095.57	1910.17	332.67	181.05	64.80
nomserd	5850.93	900.43	1003.74	135.67	114.20	4.40
nonnght	4109.46	562.57	795.73	60.00	225.20	5.40
nontion	6544.70	936.57	1259.50	130.50	385.60	22.80
nonubly	4224.82	626.71	783.62	95.33	37.17	5.00
notarll	4603.52	610.43	462.31	42.83	177.59	5.00
notsers	6772.91	1180.57	1304.43	220.83	493.33	97.40
nouayed	6269.52	1054.86	1717.19	240.33	23.82	7.80
noundle	4530.35	664.71	694.88	92.83	182.26	16.40
nouneng	6777.68	949.29	2157.65	246.50	146.07	7.80
nounied	8312.68	1381.29	2239.06	359.17	256.81	25.20
nucyeal	3799.11	544.71	532.01	40.33	35.15	1.60
nuggest	4181.02	633.43	570.69	113.67	166.83	38.00
nunanse	4704.81	650.43	744.40	56.33	35.48	4.00
nunerer	5991.64	1022.86	1310.40	208.00	157.58	15.00
nurours	5724.01	999.00	1135.84	155.33	243.71	9.60
obintrm	2898.96	459.57	347.41	36.17	107.15	4.40
obsthed	6139.42	970.43	2338.32	286.00	478.92	25.60
obtther	5794.31	899.57	1620.80	208.83	687.25	17.60
obvioys	3590.58	713.00	254.01	28.67	63.25	3.60
ochoust	2867.17	330.86	674.67	54.17	28.82	3.00
ocincal	2594.67	379.71	542.75	53.00	54.19	4.40
ocrhout	3728.93	450.86	536.19	31.83	241.75	4.40
ocrting	8046.48	1037.57	3542.83	420.67	2029.57	228.80
offiout	2951.10	382.71	585.31	34.67	292.98	9.60
offolil	1844.15	315.00	160.11	24.00	56.95	3.20
onotied	8545.51	1320.57	2299.65	361.33	287.53	26.40
opelive	5089.21	728.71	689.73	65.50	106.67	7.80
opetare	5032.53	665.29	646.97	59.00	59.67	5.80
oralied	8585.77	1382.14	2142.34	374.17	246.16	27.00
orought	3721.20	419.29	1121.12	50.83	712.69	10.00
oubleed	6551.28	1158.86	1660.24	249.83	17.06	4.60
oubuere	4814.82	723.14	685.20	130.83	11.18	1.80
oumbety	4101.94	660.43	501.04	78.17	159.80	10.40
ounders	5760.77	1138.86	1112.70	252.50	444.99	111.60
ountaty	4913.87	722.00	731.84	82.33	41.42	6.40
oupiees	7432.26	1429.71	978.28	204.00	10.11	6.40
outtint	7782.54	1037.86	2509.64	305.83	521.81	57.00
oveenct	3354.97	397.29	524.66	51.33	93.26	9.80
paceden	6263.36	1059.14	587.64	87.50	13.77	5.80
packion	5631.17	913.86	834.12	119.33	255.57	25.80
pacteal	5827.21	858.00	931.63	102.67	74.52	5.60
paldler	5976.68	1204.57	1171.97	286.50	43.94	35.20
pamsong	6284.16	958.29	1875.62	231.83	39.88	4.40
panemed	6974.46	1242.86	1770.86	288.67	53.85	12.80
panthon	4969.08	766.86	953.77	108.17	26.24	9.20
pariees	9268.84	1706.00	1454.09	274.50	153.04	18.40
pariort	6103.42	913.86	967.66	118.50	263.10	16.00
parraly	5770.24	903.57	1087.01	163.00	176.35	20.60
parrtes	8199.71	1587.86	1585.44	323.17	277.74	31.40
parvint	8021.03	1163.29	2403.67	287.33	195.36	17.80
pathaps	5482.81	1036.71	771.15	71.67	219.60	8.20
pattint	8625.69	1220.00	2664.09	328.50	494.34	54.00
patwing	7929.67	1161.57	3426.88	404.83	1804.20	204.60
paudied	8270.32	1490.29	1928.03	358.67	162.76	25.40
paunese	5918.97	918.43	888.39	116.83	50.26	11.60
paveted	6908.61	1207.57	2003.30	310.33	286.27	46.60
pawefin	3570.85	587.00	451.36	46.33	17.11	1.20
peamiam	6836.94	938.43	709.63	90.00	17.86	6.00
peancen	7509.25	1110.00	991.04	104.50	70.06	12.60
pearter	7887.66	1240.00	1785.21	274.50	315.03	39.00
pecases	8372.30	1430.43	1364.04	235.33	319.94	23.20
pecaury	6287.87	760.43	1236.64	72.67	514.24	3.60
pedding	8385.74	1150.57	3320.71	421.50	1880.27	221.00
peeeing	9371.91	1208.00	3250.34	392.00	1708.67	199.00
peirace	6206.04	802.71	513.10	60.67	51.08	5.60
peneted	8429.12	1276.86	2171.92	318.33	399.12	49.20
penughy	5198.05	635.00	776.32	56.00	223.18	6.00
petinst	6336.18	734.29	951.97	97.83	249.05	4.80
pithosh	4370.20	577.29	716.39	63.33	258.65	5.60
plainal	4343.77	599.57	852.12	86.00	231.33	15.20
playins	7937.66	1343.00	1972.49	270.83	200.49	27.00
plesang	6063.90	840.14	1815.01	223.00	22.12	3.20
plgghee	5619.63	946.43	613.01	81.67	19.68	2.80
plieady	4512.04	612.29	459.03	42.67	154.67	2.20
ploppes	6639.02	1284.86	921.54	230.50	155.56	19.40
plreain	4827.15	643.57	718.13	50.83	315.29	7.60
plurang	5750.55	823.29	1774.13	229.00	18.05	6.60
polipes	7607.89	1446.43	892.42	237.67	24.24	8.80
pongars	6230.57	1187.14	817.44	178.83	37.30	14.00
poteous	6315.04	1076.86	650.99	70.67	131.97	17.20
pouerer	6827.75	1128.43	1374.45	225.67	93.07	15.00
poweved	6772.16	1097.57	1801.02	243.83	329.05	7.40
prasiol	6199.70	891.43	938.18	109.50	68.02	10.80
prddied	7983.63	1352.71	2045.66	358.83	154.43	28.20
prdling	7587.94	1082.29	3639.90	411.83	1897.20	219.00
prdmars	5365.56	1017.71	911.25	144.83	38.58	8.00
preaind	8212.66	1170.29	2291.60	257.83	205.21	18.20
preance	5073.20	653.43	1057.08	91.17	338.64	23.40
preanse	5415.33	693.71	1201.25	90.33	209.12	18.40
preaurs	6136.34	1045.57	1407.52	171.00	202.72	18.80
prellly	4792.60	730.71	1077.88	120.83	225.92	17.00
prictct	4471.93	611.00	847.33	71.83	75.94	8.20
pritays	6112.63	1040.29	1013.00	91.50	292.82	14.20
prithed	7664.60	1180.57	2882.99	313.17	734.08	35.20
prither	7085.65	1114.00	2228.30	246.33	951.75	27.60
prithes	8174.42	1432.57	2102.10	278.50	684.69	39.00
pritise	7717.68	1026.29	1748.70	158.33	472.25	19.60
probler	6130.18	1071.14	1628.31	289.17	404.77	43.40
proders	6713.49	1183.14	1545.22	264.17	633.43	115.00
protale	6437.41	821.29	1218.81	126.00	256.95	17.60
protays	6302.54	1035.14	1039.60	94.83	260.05	19.40
proteng	8093.53	1033.57	2691.62	283.67	297.01	20.60
protiel	8805.13	1310.57	1574.01	219.33	295.64	31.00
prougen	6203.91	930.29	1396.03	102.83	505.81	18.00
proughs	5160.32	866.57	1237.09	73.00	701.79	19.60
prowoon	4240.58	562.14	947.69	93.50	251.27	20.20
prrrese	6714.00	885.86	1068.18	109.00	75.66	8.60
prurass	5724.72	1026.00	618.60	77.17	11.29	3.20
puieond	6527.05	956.71	432.26	54.33	62.78	2.40
pupppes	6408.19	1309.14	913.58	227.17	163.27	15.80
puprted	6418.41	1147.00	1906.08	290.50	346.82	45.60
purough	4270.83	558.43	937.50	60.50	606.59	6.00
qucking	6769.63	962.86	3330.02	413.17	1987.82	228.80
qurined	6932.06	1112.29	1963.01	291.17	137.31	23.80
qurnish	5744.54	812.14	855.12	111.50	281.15	26.80
quteaes	7264.40	1339.57	863.00	207.67	0.12	0.80
qutious	4974.62	916.14	710.56	73.67	260.72	16.60
qutught	3322.28	408.86	733.06	39.50	420.08	5.00
racouse	4893.43	699.86	896.49	62.50	262.10	6.20
raglese	5451.62	874.43	700.31	103.67	30.97	10.60
rainain	4197.44	728.14	511.77	73.67	198.12	10.80
rarkint	7794.92	1159.57	2399.30	300.67	310.49	31.00
reainty	6074.01	782.57	1277.96	128.00	277.11	9.00
reassed	7871.09	1220.43	2357.53	330.67	389.74	27.60
reavemy	5952.54	775.71	877.85	104.83	187.95	11.00
recalts	6340.02	1076.57	1314.74	141.83	297.71	10.20
recaugh	4891.63	540.00	1436.80	74.00	695.21	7.80
recider	7037.75	1081.29	1636.55	232.00	180.89	19.80
recthed	8385.87	1196.86	2841.21	320.33	525.67	32.80
redding	8087.83	1116.71	3560.63	453.33	1893.98	222.80
redever	6594.63	1030.57	1327.97	211.50	226.33	9.60
reeaned	7904.31	1195.29	2151.10	310.50	87.55	15.60
reenged	7570.71	1156.71	2064.05	297.67	199.63	21.60
reesise	7764.90	1021.86	1238.34	136.67	22.17	4.80
reethed	8422.22	1228.86	2634.97	317.83	563.03	28.60
refthel	7122.86	1008.86	1258.91	121.33	384.57	14.80
regiosh	4997.03	633.57	723.55	88.17	33.41	4.80
rembeen	7315.02	1119.71	949.07	104.17	306.35	7.80
remblty	4723.56	686.00	788.75	99.83	103.37	9.60
renched	7606.85	1182.00	2535.76	350.00	294.94	53.20
rengint	8157.55	1114.14	2461.81	311.17	111.42	23.80
rensout	5472.55	718.57	997.67	110.33	158.41	11.60
repoury	5381.24	686.43	1013.18	104.67	110.97	12.60
rergane	7699.00	966.86	1008.78	121.83	13.29	5.00
reroron	5512.68	669.71	1159.62	116.17	4.20	3.20
rerrain	5808.20	754.00	1168.57	123.67	175.28	12.40
rertant	8394.18	991.71	1372.63	141.83	178.53	14.40
rertits	9425.73	1445.43	1652.87	216.83	115.52	15.40
retiong	7633.71	941.57	2405.73	265.00	92.64	12.40
rheased	6158.43	1021.14	1726.33	258.00	168.06	17.40
rimblip	2558.52	501.29	283.10	50.17	7.45	7.20
rithter	6098.69	1029.14	1471.18	228.00	249.99	26.20
ronnion	6052.09	940.14	833.14	108.17	256.79	22.60
ruarial	5788.01	903.57	837.73	94.00	140.80	14.00
rurhans	7046.87	1175.29	710.16	103.00	109.22	9.80
rurrang	6655.36	935.29	1975.71	249.00	36.45	8.80
ruspelf	4178.93	680.43	553.89	57.83	201.82	6.00
russeal	4512.64	706.86	848.85	79.17	37.92	10.00
ruthion	5368.33	790.14	853.95	72.83	314.18	12.40
saithed	8017.84	1362.57	2373.79	291.83	527.52	28.20
sameran	4812.85	751.57	578.73	81.50	148.11	6.00
saridol	4968.78	791.00	642.53	94.17	44.69	5.80
sarorts	6441.37	1214.29	878.19	147.67	63.86	10.60
sccight	3896.24	492.57	596.80	32.50	248.14	4.20
schited	6210.06	1061.71	1873.36	290.50	360.20	47.40
schoted	5829.65	1021.57	1822.73	287.17	340.24	44.80
sctwese	5458.83	724.00	866.55	76.50	159.56	2.20
sctwoum	3231.96	464.14	465.43	42.50	4.99	1.20
seatats	8336.12	1312.57	1133.86	154.00	59.65	14.00
seayion	7217.31	992.86	986.18	89.33	230.39	16.20
sechits	8420.18	1353.00	1056.94	123.83	77.26	12.60
sendese	7306.19	996.43	1092.89	134.50	48.01	17.20
senides	8823.61	1556.71	1150.26	245.67	98.37	12.80
sentung	8553.85	1061.29	2156.89	234.17	147.59	9.40
sepende	6199.49	756.29	633.72	65.67	51.81	5.20
sepoury	5991.80	786.00	831.43	74.33	75.58	7.40
sequron	4899.89	615.00	539.50	56.67	17.43	4.00
serning	10086.90	1325.86	3779.76	424.50	2103.57	216.80
sesuiny	8876.78	1189.29	1998.43	233.33	40.73	3.80
shacers	6955.61	1221.86	1204.24	243.83	414.83	102.80
shathed	8003.49	1222.14	2364.96	299.50	527.83	34.40
shopous	5475.17	976.86	752.31	73.00	175.25	18.00
siliece	6124.62	889.29	728.16	66.00	83.48	5.20
simbome	4480.82	692.29	381.42	50.50	42.83	7.00
simdice	6429.02	974.71	645.23	71.83	78.28	6.00
sinding	8121.30	1225.86	3472.51	436.83	1937.79	223.80
sirorts	6353.57	1128.29	656.50	107.33	61.54	8.60
sitaler	6896.45	1201.43	1291.97	263.83	77.35	19.60
sitauit	5145.58	697.71	565.55	45.50	46.70	2.60
sithiar	6455.38	984.00	797.62	60.83	256.47	4.40
sithous	5755.56	1031.71	953.29	70.33	530.87	15.80
situgen	6438.31	1016.43	827.87	71.50	34.11	2.60
siveres	7611.38	1411.43	1170.88	239.83	217.35	25.40
skeline	7485.59	1072.43	2067.79	249.00	316.64	34.40
skivean	4270.63	637.71	221.30	48.33	15.81	8.20
slalver	6267.66	1096.14	1052.54	191.33	119.88	9.20
sliling	7858.36	1154.43	3436.32	419.33	1952.30	226.00
smaiout	4764.96	666.29	651.88	39.67	243.12	8.60
smarioy	6068.78	927.86	584.75	73.33	87.35	12.40
smasler	6219.39	1122.14	1030.00	242.50	48.20	19.80
smimped	5825.34	1037.71	1563.45	241.50	139.28	21.40
smitied	8926.11	1437.43	2225.93	361.17	289.41	28.40
smitlle	5366.37	785.29	530.27	67.33	14.41	3.00
snctier	8607.64	1371.43	1444.63	296.17	113.76	70.60
sodobys	4743.26	976.29	168.19	35.67	0.27	0.40
solidon	4652.88	721.43	607.08	72.17	37.71	7.20
solimin	4570.96	715.86	495.51	59.33	28.81	6.60
solpest	6098.48	893.57	688.95	121.67	101.79	32.80
sombaty	5002.19	788.43	604.34	74.33	66.62	7.40
sonught	4814.19	680.00	886.51	50.17	419.63	5.20
sooumps	5585.61	1017.29	549.58	57.83	6.94	3.00
sotsser	6958.24	1193.14	1180.01	193.67	76.75	10.20
sotthel	7678.12	1162.29	1267.11	106.17	369.84	14.20
sougier	8211.03	1445.14	1313.79	283.67	78.40	67.00
souners	7192.17	1318.86	1326.98	253.67	540.77	107.20
sountre	5913.81	901.57	847.58	75.67	335.15	14.40
sowador	4324.60	713.57	384.40	43.33	58.21	2.40
sowensh	4743.99	650.00	770.89	59.67	112.07	2.20
soyaust	5216.58	702.14	749.88	59.00	244.68	3.40
spailal	4298.26	658.00	639.87	60.00	37.39	6.60
spausin	3661.50	552.00	279.98	44.83	12.15	5.00
speents	5324.41	978.14	711.77	116.33	221.35	18.60
spekits	6481.96	1220.29	727.85	124.33	91.01	10.40
speraip	3341.98	563.71	434.13	60.83	108.43	7.20
spetiss	7711.51	1295.00	964.23	122.50	171.60	8.40
spitoul	4427.49	621.57	655.89	68.67	15.77	6.80
spiving	7189.09	1032.57	3207.77	382.67	1775.09	205.60
spplits	6485.25	1223.71	898.07	137.67	121.04	10.60
spspety	4793.56	744.43	476.01	69.83	104.66	5.20
sptabed	6419.88	1067.57	1477.79	239.83	19.44	5.60
stacher	6251.31	1061.43	1658.80	251.33	648.58	51.60
stadily	6386.22	972.71	1011.86	149.83	204.56	35.80
stamper	5790.11	1024.00	1208.70	210.50	175.11	27.80
stayier	7664.03	1295.29	1276.85	271.50	183.83	69.00
stayins	8104.63	1369.71	2093.42	275.83	204.70	29.80
stoansh	4270.39	559.00	641.17	68.50	61.80	5.80
stocime	6088.23	872.71	477.13	60.33	67.13	7.60
stodely	5302.18	788.43	923.95	120.33	97.18	10.80
storcen	5792.82	959.71	636.26	77.33	89.85	8.00
stotely	6260.86	852.57	1234.63	141.33	122.35	13.80
stoting	8593.11	1151.71	3869.69	450.17	2063.57	231.20
streres	8081.18	1417.14	1435.28	261.00	212.54	26.20
strfist	6456.66	890.86	724.29	112.50	86.19	15.00
striled	7397.86	1219.57	1984.21	344.67	176.90	54.40
strning	8336.71	1148.43	3560.46	417.17	2095.14	219.80
strting	9054.63	1201.14	3827.95	451.83	2094.86	235.40
sttcily	6235.44	909.43	840.30	122.00	33.82	18.00
sttcits	6928.02	1236.14	782.34	125.50	21.18	7.40
stthats	5424.11	973.00	922.83	118.17	6.95	3.80
sttiese	6133.35	813.29	1023.33	109.17	22.32	11.60
sttssed	6487.56	1087.29	1837.02	269.83	179.50	17.00
sttweve	5027.95	669.29	729.71	49.83	212.90	1.20
stuaush	3915.54	518.43	876.64	61.17	285.40	4.80
stunght	3605.73	497.00	880.61	60.83	290.48	8.60
stupint	6904.41	988.57	2106.15	257.83	104.36	21.20
suaicic	4072.22	666.14	543.17	57.67	3.25	2.00
sualods	6058.49	1130.43	549.12	65.33	51.72	3.40
subjest	4775.81	719.00	680.69	101.17	190.88	34.00
suntrce	5801.79	812.29	730.52	65.17	100.13	7.80
supline	7850.19	1168.00	2297.09	262.50	374.60	35.20
suppeed	7400.61	1292.43	1824.09	253.67	159.33	9.60
surally	5652.78	865.14	981.27	127.83	276.58	16.80
surkiem	8020.09	1338.43	923.09	172.83	103.83	21.00
surrent	7497.74	1065.57	993.49	116.17	304.58	21.40
sursing	8791.00	1256.43	3569.17	427.17	1852.08	214.40
susthly	5539.88	803.71	1169.09	126.33	56.78	13.00
sustise	7717.88	1102.86	1425.54	161.50	182.92	28.40
sustown	4839.21	719.86	635.49	87.83	93.94	13.60
sutruge	5161.51	715.29	602.46	64.83	2.40	2.80
swadied	8285.25	1405.86	1811.61	340.17	211.90	29.80
swfught	3012.53	397.00	577.68	19.83	422.67	5.00
tainial	5855.66	952.00	861.47	105.67	121.29	12.80
tantuss	6479.88	1143.14	780.87	96.17	69.21	9.40
tanuted	6841.54	1229.71	1957.73	324.50	389.58	49.40
tarefut	4864.27	691.14	734.76	90.00	93.81	7.20
tathang	6433.22	910.57	2056.23	236.67	13.42	5.80
tatitry	5345.99	827.43	620.61	82.50	102.03	5.80
teackly	5627.93	734.00	985.90	123.50	160.56	17.80
teadses	8258.97	1461.86	1187.31	245.67	169.10	24.60
tefteng	8311.63	1022.86	1975.95	243.50	33.15	6.00
teldery	6395.15	886.71	923.58	166.67	97.16	28.00
temaurk	5057.09	637.29	544.79	44.00	38.71	2.60
tepence	5744.96	666.14	618.13	59.67	198.66	9.80
terence	6738.39	760.29	1053.99	81.83	252.39	11.20
teroush	5769.66	642.86	1094.07	77.33	203.01	5.80
tesssed	7519.68	1170.29	1834.99	282.17	214.50	21.40
tevoust	5255.22	584.86	785.60	73.33	14.77	4.40
thachen	5985.79	916.71	1354.21	119.83	237.70	34.00
thackes	6820.19	1284.00	1217.18	240.00	71.84	20.60
thaiage	5253.40	654.29	849.88	66.50	121.14	14.20
thapter	6157.52	1020.57	1598.42	231.50	209.28	25.60
thartal	4118.49	568.86	1064.42	78.50	126.10	11.20
thasese	5990.79	777.57	1271.07	104.67	22.79	5.00
thashes	7318.70	1322.71	1570.34	257.83	112.52	37.40
thaving	7532.23	1004.43	3565.85	388.00	1795.47	203.80
theaser	5705.82	955.43	1386.86	199.17	89.38	12.40
theters	6923.73	1146.14	1514.01	243.83	571.90	115.80
thetter	6644.35	1048.29	1595.85	233.50	250.95	37.20
thilese	5607.88	748.57	1031.38	110.33	38.04	13.20
thiping	7326.65	1003.29	3384.48	395.67	1765.61	214.60
thodler	5722.65	1001.14	1387.69	254.83	183.62	32.40
thoerdy	4455.22	508.14	875.64	45.00	146.33	0.80
thopalf	3850.73	511.29	774.05	44.17	146.57	2.00
thorght	3803.30	454.57	910.61	33.50	375.79	4.80
thotads	6028.86	953.00	1069.69	66.00	146.05	3.20
thoting	8416.59	1075.00	4051.46	431.67	2146.53	226.60
thoulls	5164.35	931.43	940.31	67.00	297.02	3.00
thouned	6506.81	1000.71	2127.91	249.50	382.16	13.40
thoused	6203.41	982.00	2171.72	257.67	437.57	19.40
thowiol	5104.55	684.00	821.66	46.50	210.76	5.20
thracal	4228.26	516.14	945.37	62.17	257.96	9.40
threits	7651.18	1239.14	1059.04	100.50	245.85	11.00
thrging	7801.63	1046.29	3525.15	386.83	1977.03	214.40
thrhout	4560.55	537.71	1004.53	39.67	440.77	7.60
thrtrly	5728.32	686.71	1105.15	82.00	243.90	5.20
thrwing	7833.54	1007.14	3508.11	367.33	1972.40	204.00
thyaral	3309.20	413.43	929.17	47.17	198.00	4.00
tobjele	5257.11	766.57	489.28	69.33	35.27	0.60
tominty	4843.73	695.00	684.06	73.83	12.91	7.20
tompuge	4751.92	621.86	621.51	60.67	63.05	5.40
torrted	7843.13	1272.57	2232.85	328.83	377.37	49.40
tostish	6862.85	950.86	1082.44	155.17	294.29	39.80
totwnze	4654.69	601.00	402.02	33.00	12.78	0.60
toverss	5801.74	978.57	605.41	65.33	135.05	9.80
toweaer	6648.48	1094.71	1082.82	167.83	147.07	2.40
towyion	5134.67	766.57	616.44	60.67	245.86	11.00
tritrty	5267.95	689.43	901.43	82.50	212.50	10.00
trokers	6475.17	1128.43	1365.69	260.00	440.54	109.40
truaned	6724.91	1081.43	1699.00	267.50	87.53	16.80
tusinst	4627.35	636.14	639.85	86.17	246.65	2.80
typoses	5622.31	1158.71	733.28	202.00	115.39	23.20
tyssets	5274.42	1001.14	702.03	109.17	72.50	27.40
umatuds	5103.22	835.71	397.17	43.83	12.78	2.00
univars	4613.08	889.14	672.17	137.00	78.78	9.00
unofing	6613.53	909.00	3135.79	376.50	1714.74	201.40
unopout	3473.43	458.00	662.09	49.50	126.61	4.20
uresing	7380.30	1015.86	3417.37	405.83	1857.83	210.00
usleing	6639.24	902.57	3044.77	354.67	1702.48	196.20
usuance	3301.02	421.86	514.38	33.83	238.19	8.40
utanght	3272.39	404.00	701.79	42.17	293.67	6.20
utrhous	4624.77	808.43	590.54	43.17	245.09	12.00
utrving	6971.07	919.29	3171.21	366.67	1800.24	201.60
utualer	4864.03	901.29	1076.01	236.83	84.85	18.40
vaghech	3581.00	589.43	237.29	40.17	12.87	2.00
vampped	5639.79	1063.14	1623.85	268.00	214.86	31.80
vatwend	6448.83	976.29	723.69	69.50	164.06	4.00
vearile	7758.47	1044.86	938.08	144.83	163.00	21.20
vengits	7410.15	1277.86	723.69	141.17	57.03	14.40
vesieng	7768.80	985.14	1998.54	233.67	53.12	7.20
vicanse	4706.41	596.57	898.53	51.17	40.16	4.60
vierent	6088.16	860.00	683.40	83.50	235.20	16.60
vigleal	4023.27	622.00	698.44	75.50	42.60	4.40
viliten	5796.12	967.57	948.79	124.00	101.57	11.40
vimbale	4222.40	626.57	503.62	80.17	1.96	5.40
vincter	5704.53	1033.71	1371.94	245.83	137.06	27.40
vinteed	7934.65	1283.14	2091.11	285.50	63.82	10.80
vistors	6038.35	1075.71	1088.79	183.83	258.19	22.60
vitrced	6128.74	1040.00	1676.88	244.00	60.05	8.80
vittain	4658.99	618.29	886.66	78.33	330.28	13.00
wacinal	4193.81	610.14	758.08	78.00	17.48	6.00
wadrnce	4131.76	654.29	452.66	45.00	112.19	4.80
wamffut	3150.42	510.71	273.83	48.83	0.00	0.00
wandral	3857.98	640.57	846.24	102.33	267.74	16.20
wappely	4961.53	796.00	824.25	115.17	80.52	14.40
wappery	5123.19	825.86	908.26	166.67	87.85	29.40
wapptly	4175.90	685.29	715.18	99.67	108.68	12.00
wapsing	7483.42	1119.29	3295.45	402.33	1780.25	208.00
wapuine	7377.52	1075.29	1846.72	231.17	90.07	11.20
wariers	7394.26	1302.57	1493.28	281.17	431.79	103.40
warpize	6583.54	968.29	558.47	94.83	38.06	11.00
wathint	7428.22	1041.14	2325.58	257.83	297.99	12.80
watwess	6214.58	1106.00	812.61	102.33	299.01	19.00
wearase	6671.39	811.29	1056.01	95.67	146.40	12.20
weasiow	6593.57	876.29	943.92	95.00	148.39	12.00
weatial	7893.74	980.71	1397.32	139.00	202.32	17.60
weatids	9027.76	1343.29	1228.23	131.17	135.17	13.80
weftile	7999.06	1000.00	828.54	130.17	43.56	13.20
welghed	7229.77	1106.00	2047.11	272.67	165.95	20.60
wenging	8524.46	1134.86	3382.55	415.17	1802.62	215.20
westhed	8376.03	1188.86	2549.26	309.50	552.78	34.00
westion	7374.20	932.57	1287.41	144.50	393.12	36.20
wetrlon	5003.94	646.14	590.91	57.17	5.10	3.00
wevinse	5823.68	652.43	839.29	57.17	161.65	6.60
wevoors	6236.05	1013.86	765.37	134.00	48.27	9.40
whalint	7482.40	981.14	2432.24	273.83	276.64	32.40
whanget	6195.58	904.43	640.95	83.83	244.03	14.00
wharaer	6370.90	1033.71	1126.46	193.00	38.82	6.60
whothed	7198.42	1039.00	2485.41	279.17	660.05	28.20
whouify	5373.07	692.14	512.82	43.83	166.03	8.20
whraurs	6142.09	962.29	1031.80	138.17	23.31	4.80
whrking	7744.71	999.57	3470.26	396.33	1999.61	221.00
wibaled	6201.25	1079.57	1804.73	314.83	97.65	43.80
wibbuss	4622.02	844.43	522.47	51.67	16.59	4.60
wicoust	4442.70	522.43	890.53	74.83	30.20	3.00
widrten	5506.85	945.14	837.16	106.33	92.86	8.40
wiginty	4129.39	589.43	626.78	66.33	8.98	4.20
wiglins	7835.94	1341.43	2305.86	290.67	263.34	34.80
wiglion	5198.43	787.14	966.65	94.00	278.22	12.80
wilobls	4717.62	914.00	464.92	69.50	11.17	3.00
wimalan	3892.43	573.29	521.24	56.00	3.47	2.40
windint	7180.55	1029.29	2309.85	287.33	247.03	31.80
wintedy	5802.35	775.71	777.20	84.00	58.11	10.00
wintugs	5917.12	970.14	772.45	69.33	64.73	7.20
wispplf	3197.96	481.43	612.62	48.67	17.48	2.80
withoul	3830.14	487.00	911.33	59.17	502.56	6.00
wocarde	5128.87	625.71	639.69	42.50	74.87	4.60
woiting	8860.64	1191.57	3703.69	424.67	2131.23	227.00
wolmbal	3483.88	517.00	561.15	53.33	0.10	0.80
womeelf	5063.47	699.43	628.75	44.00	223.69	3.20
womeels	6694.74	1141.71	588.23	69.83	79.85	13.00
womerok	3795.23	520.57	608.46	51.83	74.19	4.40
wondent	6722.01	946.14	855.41	109.00	248.08	25.80
wonends	5781.22	986.43	778.25	75.00	134.62	10.80
wonerut	4921.18	638.71	708.35	64.17	70.90	2.40
worirds	6386.71	1026.43	741.51	77.00	186.12	9.00
woroust	5553.50	663.29	1143.41	93.67	305.53	8.80
wotaury	5513.41	709.29	850.75	60.00	58.52	3.00
wotouge	5075.27	609.29	759.13	47.33	192.78	1.80
wouterd	6808.07	981.86	997.99	166.83	137.83	23.80
wovemen	5856.64	911.43	537.94	56.17	46.38	10.80
wowerar	4392.66	612.43	806.10	52.83	237.85	4.40
wractly	4914.59	663.86	731.97	108.17	156.44	13.00
wreshed	6664.24	1047.00	2124.38	288.17	226.36	33.20
wrinned	6716.60	1069.71	1884.38	276.67	173.12	24.00
wrintie	4654.98	632.57	598.25	72.00	110.07	12.00
wrisery	5614.25	783.57	1203.74	167.33	106.71	22.20
writecy	5839.51	737.57	887.56	81.17	246.29	7.20
wroptrm	4077.40	557.71	580.09	48.67	35.64	3.80
wrotran	5081.68	587.29	890.51	76.00	77.28	5.80
wrotrty	5349.87	645.29	880.20	70.33	63.10	4.40
youaury	4637.87	649.29	851.29	61.50	51.69	1.60
youcher	5589.29	980.86	1490.04	225.83	530.18	40.00
